E average_spectrum spectra
+7.05850e+03 +6.44420e-03 -1.50773e-03 +1.21695e-02 +3.98471e-03
+7.05863e+03 +5.97468e-03 +1.18468e-02 +9.63901e-03 +1.14160e-02
+7.05876e+03 +6.00314e-03 +1.02855e-02 +9.69317e-03 +3.50031e-03
+7.05889e+03 +6.22553e-03 +5.38527e-03 +5.86994e-03 +9.37036e-03
+7.05902e+03 +6.46220e-03 +1.14710e-02 +8.61670e-03 +7.91659e-03
+7.05915e+03 +6.32987e-03 +5.11633e-03 +5.38561e-03 +7.10900e-03
+7.05928e+03 +4.87122e-03 +6.40908e-03 -3.06989e-03 -5.17035e-03
+7.05941e+03 +5.98788e-03 +1.29801e-02 +3.77016e-03 +7.10945e-03
+7.05954e+03 +6.17664e-03 +8.02532e-03 +5.38612e-03 +1.03952e-02
+7.05967e+03 +7.39629e-03 -6.35582e-03 +1.12573e-02 +9.42600e-03
+7.05980e+03 +5.91907e-03 +1.15809e-02 +7.00239e-03 +3.87825e-03
+7.05992e+03 +6.53220e-03 +3.77064e-03 +2.14388e-02 +1.77759e-02
+7.06005e+03 +6.46593e-03 +8.61887e-04 +1.24974e-02 +1.29283e-03
+7.06018e+03 +7.78120e-03 +8.29592e-03 +9.37331e-03 +8.24205e-03
+7.06031e+03 +7.49129e-03 +7.32650e-03 +5.87197e-03 -3.28615e-03
+7.06044e+03 +6.27356e-03 +8.67355e-03 -1.07746e-03 +9.37390e-03
+7.06057e+03 +6.82290e-03 +7.54245e-03 +8.29670e-03 +8.56607e-03
+7.06070e+03 +7.02558e-03 +1.05598e-02 +9.10510e-03 -1.67017e-03
+7.06083e+03 +6.31924e-03 +1.42238e-02 +9.21313e-03 +1.29307e-02
+7.06096e+03 +7.89579e-03 +1.33622e-02 +1.22307e-02 +1.05604e-02
+7.06109e+03 +6.90564e-03 +1.02374e-02 +9.05206e-03 +3.87945e-03
+7.06122e+03 +5.78358e-03 +9.21398e-03 +8.35186e-03 -5.60383e-03
+7.06135e+03 +6.98382e-03 +2.04761e-02 +8.78319e-03 -3.01754e-03
+7.06148e+03 +6.97197e-03 +1.03462e-02 -3.34095e-03 -5.76583e-03
+7.06161e+03 +5.18558e-03 +3.01772e-03 +8.78373e-03 +1.36875e-02
+7.06174e+03 +8.45618e-03 +1.34724e-02 +5.82007e-03 +4.04172e-03
+7.06187e+03 +6.97540e-03 +7.59866e-03 +9.64652e-03 +5.01188e-03
+7.06200e+03 +5.63061e-03 +2.12338e-02 +7.38332e-03 -8.08392e-04
+7.06213e+03 +6.10468e-03 +1.06711e-02 +1.61683e-03 +2.26357e-03
+7.06226e+03 +3.25608e-03 +5.33571e-03 +9.48571e-03 +6.14415e-03
+7.06239e+03 +5.95494e-03 +1.29893e-02 +1.25043e-02 +3.34166e-03
+7.06251e+03 +6.04206e-03 +1.64393e-02 +1.09955e-02 +7.92320e-03
+7.06264e+03 +5.91466e-03 +2.29618e-02 +1.12114e-02 +1.67093e-03
+7.06277e+03 +8.10781e-03 +3.06706e-02 +9.97197e-03 +6.89953e-03
+7.06290e+03 +7.14920e-03 +3.37440e-02 +1.15894e-02 +4.04281e-03
+7.06303e+03 +7.17491e-03 +4.91621e-02 +1.49858e-02 +1.64413e-02
+7.06316e+03 +7.36051e-03 +5.28292e-02 +1.32612e-02 +7.60094e-03
+7.06329e+03 +8.75536e-03 +6.51221e-02 +1.27764e-02 +3.77363e-03
+7.06342e+03 +7.80825e-03 +6.35606e-02 +1.68740e-02 +9.21871e-03
+7.06355e+03 +8.66520e-03 +6.28077e-02 +8.14074e-03 -2.15649e-04
+7.06368e+03 +8.55471e-03 +6.67452e-02 +1.76298e-02 +1.09445e-02
+7.06381e+03 +6.87626e-03 +6.00617e-02 +1.78460e-02 +1.07831e-04
+7.06394e+03 +7.32187e-03 +5.87156e-02 +2.25373e-02 +1.61751e-04
+7.06407e+03 +6.88243e-03 +6.44866e-02 +1.31561e-02 -1.72539e-03
+7.06420e+03 +8.12802e-03 +5.96356e-02 +2.62052e-02 +8.57330e-03
+7.06433e+03 +8.72226e-03 +5.61325e-02 +2.28089e-02 +9.92159e-03
+7.06446e+03 +8.62001e-03 +4.73446e-02 +1.24023e-02 -2.69616e-03
+7.06459e+03 +1.24847e-03 +5.29542e-02 +6.09350e-03 -9.27507e-03
+7.06472e+03 +6.89244e-03 +5.07987e-02 +3.82877e-03 -1.56387e-03
+7.06485e+03 +8.21641e-03 +4.91823e-02 +4.85352e-03 -3.99067e-03
+7.06498e+03 +5.93106e-03 +4.45458e-02 +6.52547e-03 +1.11095e-02
+7.06510e+03 +7.63777e-03 +4.20123e-02 +8.08966e-04 +7.65821e-03
+7.06523e+03 +9.09687e-03 +3.54877e-02 +8.57529e-03 +1.07865e-02
+7.06536e+03 +8.97373e-03 +2.17894e-02 +1.71511e-02 +7.87439e-03
+7.06549e+03 +8.96449e-03 +2.87477e-02 +2.09810e-02 +3.23614e-03
+7.06562e+03 +9.40838e-03 +2.20603e-02 +1.10571e-02 +7.01184e-04
+7.06575e+03 +9.39549e-03 +1.94719e-02 +1.92561e-02 -1.07878e-03
+7.06588e+03 +1.06947e-02 +1.36469e-02 +1.20826e-02 +2.26549e-03
+7.06601e+03 +1.02458e-02 +1.38091e-02 +1.56431e-02 +9.38588e-03
+7.06614e+03 +1.06044e-02 +8.36123e-03 +3.45238e-03 +1.07887e-03
+7.06627e+03 +1.11410e-02 +7.55229e-03 +1.14363e-02 +1.25692e-02
+7.06640e+03 +1.06395e-02 +1.73168e-02 +1.40261e-02 +4.63939e-03
+7.06653e+03 +1.09607e-02 +1.45659e-02 +2.20108e-02 +1.88818e-03
+7.06666e+03 +1.07349e-02 +1.82889e-02 +1.37571e-02 +2.21193e-03
+7.06679e+03 +1.13953e-02 +1.87210e-02 +2.42779e-02 +5.01744e-03
+7.06692e+03 +1.23223e-02 +1.83978e-02 +2.35233e-02 +6.25849e-03
+7.06705e+03 +1.06539e-02 +2.27686e-02 +3.43687e-02 +1.18699e-03
+7.06718e+03 +1.18499e-02 +2.09887e-02 +3.31287e-02 -2.96755e-03
+7.06731e+03 +1.17632e-02 +2.83814e-02 +2.26619e-02 +6.47484e-03
+7.06744e+03 +1.24071e-02 +4.24114e-02 +3.26449e-02 +1.12773e-02
+7.06756e+03 +1.15378e-02 +4.67293e-02 +2.51454e-02 +6.58312e-03
+7.06769e+03 +1.14029e-02 +3.63161e-02 +3.91760e-02 +4.04711e-03
+7.06782e+03 +1.18137e-02 +3.54537e-02 +3.31333e-02 +1.52715e-02
+7.06795e+03 +1.29023e-02 +3.91782e-02 +4.43048e-02 -1.45704e-03
+7.06808e+03 +1.27356e-02 +4.01506e-02 +5.63944e-02 +4.31727e-03
+7.06821e+03 +1.23115e-02 +3.98819e-02 +4.80310e-02 -1.45712e-03
+7.06834e+03 +1.21162e-02 +2.70924e-02 +3.64830e-02 +8.95883e-03
+7.06847e+03 +1.23607e-02 +3.75094e-02 +3.30838e-02 +9.49878e-03
+7.06860e+03 +1.30063e-02 +2.67700e-02 +3.08179e-02 +9.22918e-03
+7.06873e+03 +1.10060e-02 +2.21830e-02 +2.43959e-02 -3.23840e-04
+7.06886e+03 +1.28088e-02 +1.35477e-02 +1.48431e-02 +7.01671e-03
+7.06899e+03 +1.34767e-02 +2.61245e-02 +1.06873e-02 +1.19287e-02
+7.06912e+03 +1.48995e-02 +2.77985e-02 +2.09433e-02 +3.45457e-03
+7.06925e+03 +1.42723e-02 +2.92027e-02 +1.47903e-02 +8.79859e-03
+7.06938e+03 +1.73177e-02 +2.80159e-02 +3.88660e-03 +1.33872e-02
+7.06951e+03 +1.68719e-02 +3.09317e-02 +1.41433e-02 +1.01486e-02
+7.06964e+03 +1.72038e-02 +3.52512e-02 +9.71701e-03 -3.34697e-03
+7.06977e+03 +1.69235e-02 +4.14064e-02 +2.10001e-02 +1.37661e-02
+7.06990e+03 +1.61020e-02 +1.92191e-02 +1.50622e-02 +1.38745e-02
+7.07003e+03 +1.53900e-02 +2.17031e-02 +1.01497e-02 +1.24172e-03
+7.07015e+03 +1.80711e-02 +2.67246e-02 +1.93821e-02 +1.35513e-02
+7.07028e+03 +1.72287e-02 +1.87347e-02 +7.55868e-03 +1.37676e-02
+7.07041e+03 +1.60003e-02 +1.10684e-02 +1.13923e-02 +1.47938e-02
+7.07054e+03 +1.78499e-02 +1.92216e-02 +1.84117e-02 +1.07987e-03
+7.07067e+03 +1.75662e-02 +1.76023e-02 +1.05290e-02 +1.02050e-02
+7.07080e+03 +1.70604e-02 +1.82507e-02 +9.98930e-03 +5.29163e-03
+7.07093e+03 +1.75339e-02 +2.64048e-02 +1.54433e-02 -1.61993e-04
+7.07106e+03 +1.82254e-02 +1.69017e-02 +8.09985e-03 +2.17616e-02
+7.07119e+03 +1.87839e-02 +1.76041e-02 +6.15605e-03 +1.32301e-02
+7.07132e+03 +1.83926e-02 +1.22044e-02 +1.47965e-02 +9.66632e-03
+7.07145e+03 +1.88511e-02 +1.63090e-02 +3.56421e-03 +1.27448e-02
+7.07158e+03 +2.00830e-02 +1.24751e-02 +1.49593e-02 -2.16018e-04
+7.07171e+03 +2.40465e-02 +2.49508e-02 +1.38795e-02 +1.82000e-02
+7.07184e+03 +2.22913e-02 +2.37092e-02 +1.24217e-02 +1.59862e-02
+7.07197e+03 +1.98166e-02 +9.28950e-03 +2.00913e-02 +1.05857e-02
+7.07210e+03 +2.27333e-02 +1.21523e-02 +1.67431e-02 +1.01539e-02
+7.07223e+03 +2.30662e-02 +1.30168e-02 +1.70676e-02 +5.40115e-04
+7.07236e+03 +2.18604e-02 +1.22069e-02 +2.45218e-02 +9.72231e-03
+7.07249e+03 +2.38433e-02 +1.11809e-02 +1.72305e-02 +9.93862e-03
+7.07262e+03 +2.27731e-02 +6.26581e-03 +1.78792e-02 +1.83653e-03
+7.07274e+03 +2.42130e-02 +1.90680e-02 +2.16608e-02 +5.07759e-03
+7.07287e+03 +2.56003e-02 +1.25322e-02 +2.91699e-02 +1.13979e-02
+7.07300e+03 +2.66899e-02 +5.94216e-03 +2.71179e-02 +1.79885e-02
+7.07313e+03 +2.51002e-02 +2.26888e-03 +2.31750e-02 +1.76649e-02
+7.07326e+03 +2.65982e-02 +1.04803e-02 +2.29595e-02 +3.78156e-03
+7.07339e+03 +2.60157e-02 +1.08588e-02 +3.27924e-02 +4.48397e-03
+7.07352e+03 +2.52827e-02 +1.24798e-02 +4.95950e-02 +6.91520e-03
+7.07365e+03 +2.88301e-02 +7.72577e-03 +5.08928e-02 +1.64780e-02
+7.07378e+03 +2.57976e-02 +3.51180e-03 +4.43567e-02 +7.83402e-03
+7.07391e+03 +2.83772e-02 +1.85860e-02 +2.77169e-02 +1.97746e-02
+7.07404e+03 +2.96032e-02 +2.45298e-02 +3.26343e-02 +1.00496e-02
+7.07417e+03 +2.89443e-02 +2.03699e-02 +4.14423e-02 +1.92353e-02
+7.07430e+03 +2.68401e-02 +1.15090e-02 +1.90196e-02 +1.99922e-02
+7.07443e+03 +2.94919e-02 +2.16137e-03 +2.52340e-02 +4.53888e-03
+7.07456e+03 +2.72302e-02 +1.71293e-02 +3.22593e-02 +1.50219e-02
+7.07469e+03 +2.95798e-02 +1.83726e-02 +4.03656e-02 +1.02670e-03
+7.07482e+03 +2.99314e-02 +7.40324e-03 +5.36600e-02 +1.05375e-02
+7.07495e+03 +3.00726e-02 +2.17239e-02 +5.59850e-02 +1.50770e-02
+7.07508e+03 +2.89091e-02 +1.48612e-02 +7.56031e-02 +4.26923e-03
+7.07521e+03 +2.97555e-02 +1.15650e-02 +9.17635e-02 +9.67354e-03
+7.07534e+03 +3.08621e-02 +9.61973e-03 +9.66296e-02 +5.78265e-03
+7.07546e+03 +3.06767e-02 +2.91841e-02 +1.09008e-01 +6.80963e-03
+7.07559e+03 +3.02552e-02 +1.39439e-02 +1.02039e-01 +5.72888e-03
+7.07572e+03 +3.22107e-02 +1.42144e-02 +9.22047e-02 +1.58359e-02
+7.07585e+03 +3.16983e-02 +1.65929e-02 +1.04908e-01 +6.64797e-03
+7.07598e+03 +3.20594e-02 +1.24855e-02 +8.66419e-02 +1.95660e-02
+7.07611e+03 +3.27280e-02 +1.64856e-02 +6.94557e-02 +1.72423e-02
+7.07624e+03 +3.43040e-02 +1.38915e-02 +7.14032e-02 +9.99969e-03
+7.07637e+03 +3.55613e-02 +2.89187e-02 +5.44861e-02 +1.24323e-02
+7.07650e+03 +3.48569e-02 +2.53517e-02 +5.24333e-02 +2.00003e-03
+7.07663e+03 +3.49179e-02 +3.24877e-02 +4.63261e-02 +1.11896e-02
+7.07676e+03 +3.50554e-02 +2.29744e-02 +4.35703e-02 +2.21635e-03
+7.07689e+03 +3.76702e-02 +3.28136e-02 +4.33550e-02 +1.51364e-02
+7.07702e+03 +3.75480e-02 +3.42740e-02 +4.75727e-02 +4.75727e-03
+7.07715e+03 +3.75709e-02 +2.18948e-02 +3.31395e-02 +4.43301e-03
+7.07728e+03 +3.77968e-02 +3.47621e-02 +3.50865e-02 +9.46092e-03
+7.07741e+03 +3.80081e-02 +1.54622e-02 +3.57361e-02 +9.83958e-03
+7.07754e+03 +3.73443e-02 +1.61654e-02 +3.90889e-02 +1.17321e-02
+7.07767e+03 +4.04524e-02 +2.63843e-02 +5.92024e-02 +1.47600e-02
+7.07780e+03 +4.10367e-02 +3.38461e-02 +6.08798e-02 +1.63283e-02
+7.07793e+03 +4.09635e-02 +2.43849e-02 +6.96403e-02 +1.16788e-02
+7.07805e+03 +3.92726e-02 +2.63320e-02 +7.79145e-02 +1.95733e-02
+7.07818e+03 +4.17255e-02 +3.42269e-02 +8.48374e-02 +1.82219e-02
+7.07831e+03 +4.09821e-02 +2.78472e-02 +9.00302e-02 +5.29908e-03
+7.07844e+03 +4.10939e-02 +3.44448e-02 +8.09479e-02 +1.63302e-02
+7.07857e+03 +4.07626e-02 +2.89840e-02 +5.23442e-02 +2.20624e-02
+7.07870e+03 +4.08889e-02 +2.71461e-02 +7.17046e-02 +1.24915e-02
+7.07883e+03 +4.14406e-02 +2.50377e-02 +5.17517e-02 +1.69802e-02
+7.07896e+03 +4.15497e-02 +2.24425e-02 +3.69354e-02 +1.15187e-02
+7.07909e+03 +3.99354e-02 +1.85492e-02 +3.48812e-02 +1.48178e-02
+7.07922e+03 +3.87212e-02 +1.86578e-02 +2.86086e-02 +7.78761e-03
+7.07935e+03 +4.04941e-02 +2.19031e-02 +2.10378e-02 +1.69817e-02
+7.07948e+03 +4.03050e-02 +7.13896e-03 +2.70956e-02 +2.57435e-02
+7.07961e+03 +3.95515e-02 +7.67995e-03 +3.45598e-02 +1.08168e-03
+7.07974e+03 +4.17163e-02 +2.48793e-02 +4.68920e-02 +1.12498e-02
+7.07987e+03 +4.18586e-02 +1.08173e-02 +4.73257e-02 +2.68810e-02
+7.08000e+03 +4.39769e-02 +7.95089e-03 +4.95984e-02 +1.77949e-02
+7.08013e+03 +4.40554e-02 +7.41017e-03 +5.42511e-02 +1.84984e-02
+7.08026e+03 +4.46363e-02 +1.08180e-02 +5.58209e-02 +2.95332e-02
+7.08039e+03 +4.81128e-02 +1.67142e-02 +4.43007e-02 +3.00206e-02
+7.08052e+03 +4.74638e-02 +9.24979e-03 +4.78176e-02 +2.80198e-02
+7.08064e+03 +4.67443e-02 +2.07719e-02 +4.01915e-02 +3.43494e-02
+7.08077e+03 +4.60419e-02 +1.27122e-02 +3.90563e-02 +3.46206e-02
+7.08090e+03 +4.74889e-02 +9.95363e-03 +2.30989e-02 +3.87326e-02
+7.08103e+03 +4.83437e-02 +1.69323e-02 +2.82386e-02 +3.15385e-02
+7.08116e+03 +4.74507e-02 +2.25589e-02 +2.58589e-02 +2.35327e-02
+7.08129e+03 +5.02480e-02 +2.15315e-02 +3.58137e-02 +2.87808e-02
+7.08142e+03 +4.93003e-02 +3.47324e-02 +2.21270e-02 +3.71669e-02
+7.08155e+03 +4.82644e-02 +2.59146e-02 +2.32095e-02 +3.00804e-02
+7.08168e+03 +5.24982e-02 +3.38682e-02 +3.22993e-02 +3.00270e-02
+7.08181e+03 +5.24560e-02 +1.99102e-02 +2.97030e-02 +3.41395e-02
+7.08194e+03 +5.07527e-02 +1.85039e-02 +4.25805e-02 +2.38602e-02
+7.08207e+03 +5.34969e-02 +1.84501e-02 +4.08500e-02 +2.44559e-02
+7.08220e+03 +5.49126e-02 +2.85144e-02 +3.60894e-02 +4.16625e-02
+7.08233e+03 +5.50556e-02 +1.27154e-02 +3.05711e-02 +3.71723e-02
+7.08246e+03 +5.59245e-02 +1.04972e-02 +2.73252e-02 +4.23135e-02
+7.08259e+03 +5.59276e-02 +4.54528e-03 +3.71197e-02 +3.31156e-02
+7.08272e+03 +5.88438e-02 +1.66663e-02 +4.62112e-02 +3.83651e-02
+7.08285e+03 +5.73400e-02 +3.46321e-03 +4.64286e-02 +3.45239e-02
+7.08298e+03 +5.81293e-02 +1.83987e-02 +3.47951e-02 +3.69056e-02
+7.08310e+03 +5.74942e-02 +2.78691e-02 +2.90055e-02 +2.70033e-02
+7.08323e+03 +5.95149e-02 +1.40160e-02 +3.67447e-02 +2.08346e-02
+7.08336e+03 +6.02253e-02 +2.32162e-02 +3.60419e-02 +2.79244e-02
+7.08349e+03 +6.02355e-02 +1.29883e-02 +2.65720e-02 +2.52190e-02
+7.08362e+03 +5.72901e-02 +1.01203e-02 +1.96994e-02 +4.13470e-02
+7.08375e+03 +5.58204e-02 +2.81425e-03 +2.24599e-02 +2.03492e-02
+7.08388e+03 +5.09456e-02 +7.08989e-03 +2.05661e-02 +1.89424e-02
+7.08401e+03 +4.57442e-02 +9.68790e-03 +6.65705e-03 +2.09453e-02
+7.08414e+03 +3.99323e-02 -2.70617e-04 +1.63994e-02 +2.54921e-02
+7.08427e+03 +3.81155e-02 +3.19334e-03 +9.85065e-03 +2.43560e-02
+7.08440e+03 +3.55006e-02 +1.23406e-02 +1.76449e-02 +3.44780e-02
+7.08453e+03 +4.01638e-02 +1.20161e-02 +1.50472e-02 +3.15558e-02
+7.08466e+03 +4.45048e-02 +5.41276e-03 +1.62924e-02 +3.18812e-02
+7.08479e+03 +4.91169e-02 +2.05689e-02 +5.19635e-03 +3.31268e-02
+7.08492e+03 +5.47773e-02 +1.82958e-02 +3.01503e-02 +3.47513e-02
+7.08505e+03 +6.04718e-02 +1.67264e-02 +2.51167e-02 +4.72562e-02
+7.08518e+03 +6.07758e-02 +8.98588e-03 +3.39948e-02 +3.90290e-02
+7.08531e+03 +6.30138e-02 +6.00874e-03 +3.90298e-02 +3.12888e-02
+7.08544e+03 +6.34985e-02 +1.09892e-02 +5.47293e-02 +3.52411e-02
+7.08557e+03 +6.70501e-02 +1.41833e-02 +6.24175e-02 +4.00057e-02
+7.08569e+03 +6.74036e-02 +8.93243e-03 +8.70505e-02 +4.41208e-02
+7.08582e+03 +6.68247e-02 +1.04484e-02 +1.00532e-01 +3.98989e-02
+7.08595e+03 +6.72129e-02 +1.19645e-02 +1.07247e-01 +3.76259e-02
+7.08608e+03 +6.67721e-02 +5.30562e-03 +1.44118e-01 +4.11456e-02
+7.08621e+03 +6.66690e-02 +7.20062e-03 +1.60850e-01 +4.85636e-02
+7.08634e+03 +6.65120e-02 +9.90780e-03 +1.91659e-01 +6.62144e-02
+7.08647e+03 +6.78832e-02 +1.52680e-02 +2.27721e-01 +8.94967e-02
+7.08660e+03 +6.85074e-02 +1.81920e-02 +2.57504e-01 +9.10685e-02
+7.08673e+03 +6.79244e-02 +9.04204e-03 +2.60433e-01 +9.68636e-02
+7.08686e+03 +6.87740e-02 +1.23451e-02 +2.75273e-01 +8.79856e-02
+7.08699e+03 +6.93055e-02 +1.86804e-02 +2.75224e-01 +8.22477e-02
+7.08712e+03 +7.04638e-02 +1.59192e-02 +2.71222e-01 +6.80627e-02
+7.08725e+03 +6.88837e-02 +9.58418e-03 +2.68141e-01 +5.99418e-02
+7.08738e+03 +7.14274e-02 +1.97102e-02 +2.45457e-01 +4.80301e-02
+7.08751e+03 +7.10366e-02 +7.63513e-03 +2.23477e-01 +6.04854e-02
+7.08764e+03 +7.20237e-02 +1.84113e-02 +2.13354e-01 +4.19669e-02
+7.08777e+03 +7.05248e-02 +1.17509e-02 +1.90669e-01 +4.07763e-02
+7.08790e+03 +7.29862e-02 +1.38631e-02 +1.74805e-01 +4.25099e-02
+7.08803e+03 +7.20246e-02 +7.96060e-03 +1.61649e-01 +4.48393e-02
+7.08816e+03 +7.46787e-02 +2.53444e-02 +1.58890e-01 +5.64834e-02
+7.08828e+03 +7.35399e-02 +7.09439e-03 +1.42321e-01 +6.03836e-02
+7.08841e+03 +7.37762e-02 +5.79476e-03 +1.32684e-01 +6.43381e-02
+7.08854e+03 +7.38248e-02 +1.28353e-02 +1.32903e-01 +9.46133e-02
+7.08867e+03 +7.53238e-02 +9.15279e-03 +1.25106e-01 +1.00193e-01
+7.08880e+03 +7.52100e-02 +1.76018e-02 +1.30524e-01 +1.15414e-01
+7.08893e+03 +7.53233e-02 +1.71147e-02 +1.12058e-01 +1.09025e-01
+7.08906e+03 +7.76954e-02 +1.06698e-02 +9.98194e-02 +1.04098e-01
+7.08919e+03 +7.75299e-02 +8.01602e-03 +9.65713e-02 +1.19807e-01
+7.08932e+03 +7.50913e-02 +5.74130e-03 +8.07573e-02 +8.99651e-02
+7.08945e+03 +7.70482e-02 +5.95805e-03 +8.63918e-02 +8.49835e-02
+7.08958e+03 +7.54252e-02 +2.37243e-02 +6.95479e-02 +7.26353e-02
+7.08971e+03 +7.66867e-02 +2.16664e-03 +4.75036e-02 +7.43699e-02
+7.08984e+03 +7.50474e-02 +9.64171e-03 +4.84794e-02 +6.90628e-02
+7.08997e+03 +7.44755e-02 +1.12669e-02 +4.18175e-02 +9.07852e-02
+7.09010e+03 +7.66148e-02 +1.13754e-03 +4.08432e-02 +1.19171e-01
+7.09023e+03 +7.86953e-02 +2.70848e-03 +4.51233e-02 +1.53192e-01
+7.09036e+03 +7.79941e-02 +3.19606e-03 +4.08987e-02 +1.62999e-01
+7.09049e+03 +7.85934e-02 +2.76274e-03 +4.28496e-02 +1.94367e-01
+7.09062e+03 +8.05244e-02 +4.60465e-03 +5.20054e-02 +2.10784e-01
+7.09075e+03 +8.04501e-02 +8.66771e-03 +4.85392e-02 +2.10246e-01
+7.09088e+03 +8.10642e-02 +1.11599e-02 +4.83775e-02 +2.01473e-01
+7.09100e+03 +8.22996e-02 +1.54399e-02 +5.49334e-02 +1.74281e-01
+7.09113e+03 +8.37927e-02 +8.93902e-03 +7.28665e-02 +1.68270e-01
+7.09126e+03 +8.27134e-02 +1.17022e-02 +6.22491e-02 +1.55000e-01
+7.09139e+03 +8.35854e-02 -1.40862e-03 +7.37899e-02 +1.46171e-01
+7.09152e+03 +8.15259e-02 +3.84667e-03 +8.18637e-02 +1.26073e-01
+7.09165e+03 +7.93742e-02 +8.66870e-03 +8.05105e-02 +1.18382e-01
+7.09178e+03 +7.86198e-02 +9.37318e-03 +8.74469e-02 +1.16596e-01
+7.09191e+03 +8.01801e-02 +8.12716e-03 +9.68758e-02 +1.22991e-01
+7.09204e+03 +8.12046e-02 +1.27328e-02 +9.17300e-02 +1.33667e-01
+7.09217e+03 +8.29606e-02 +2.16731e-03 +1.03923e-01 +1.38816e-01
+7.09230e+03 +8.18202e-02 +1.02949e-02 +8.94572e-02 +1.49222e-01
+7.09243e+03 +8.28893e-02 +1.08369e-02 +8.77247e-02 +1.56647e-01
+7.09256e+03 +8.26706e-02 +1.89107e-02 +8.14406e-02 +1.38281e-01
+7.09269e+03 +8.36278e-02 +9.21165e-03 +6.83830e-02 +1.29613e-01
+7.09282e+03 +8.40273e-02 +1.74482e-02 +6.91426e-02 +1.29886e-01
+7.09295e+03 +8.21984e-02 +1.56603e-02 +5.00154e-02 +1.03445e-01
+7.09308e+03 +8.38753e-02 +1.20841e-02 +6.83861e-02 +8.87611e-02
+7.09321e+03 +8.38251e-02 +1.11089e-02 +6.83330e-02 +6.86039e-02
+7.09334e+03 +8.33406e-02 +8.39950e-03 +6.46491e-02 +4.93132e-02
+7.09347e+03 +8.06002e-02 -1.73412e-03 +5.87432e-02 +5.58169e-02
+7.09359e+03 +7.92059e-02 +5.58177e-03 +5.53842e-02 +5.07779e-02
+7.09372e+03 +7.88123e-02 +1.13263e-02 +4.36252e-02 +3.67427e-02
+7.09385e+03 +8.05047e-02 +1.06219e-02 +4.11329e-02 +5.36517e-02
+7.09398e+03 +8.03315e-02 +1.02969e-02 +4.39517e-02 +5.82048e-02
+7.09411e+03 +8.15041e-02 +8.50865e-03 +3.25713e-02 +6.73647e-02
+7.09424e+03 +7.98237e-02 +3.57694e-03 +2.74232e-02 +5.14320e-02
+7.09437e+03 +7.99895e-02 +8.34631e-03 +3.76668e-02 +3.50111e-02
+7.09450e+03 +7.96734e-02 +5.90754e-03 +2.53645e-02 +4.78565e-02
+7.09463e+03 +7.91023e-02 +1.20862e-02 +1.85901e-02 +2.99175e-02
+7.09476e+03 +8.16414e-02 +1.66392e-02 +3.12729e-02 +3.05141e-02
+7.09489e+03 +8.21374e-02 +5.58260e-03 +3.32246e-02 +3.97828e-02
+7.09502e+03 +8.38545e-02 +4.66126e-03 +5.13281e-02 +4.14636e-02
+7.09515e+03 +8.32491e-02 +6.07057e-03 +4.21146e-02 +4.82936e-02
+7.09528e+03 +8.50983e-02 +1.58813e-02 +5.47443e-02 +6.17364e-02
+7.09541e+03 +8.73100e-02 +1.24125e-02 +4.48259e-02 +7.59385e-02
+7.09554e+03 +8.67755e-02 +1.19248e-03 +4.34715e-02 +6.49904e-02
+7.09567e+03 +8.81541e-02 -1.62614e-03 +4.37973e-02 +8.24452e-02
+7.09580e+03 +9.09146e-02 +1.04074e-02 +5.12241e-02 +8.41809e-02
+7.09593e+03 +8.87744e-02 +1.06244e-02 +4.69425e-02 +8.13634e-02
+7.09606e+03 +9.17106e-02 +1.53405e-02 +3.68607e-02 +1.29338e-01
+7.09618e+03 +9.16990e-02 +6.39650e-03 +3.53434e-02 +1.55088e-01
+7.09631e+03 +9.21606e-02 +1.65878e-02 +2.67247e-02 +1.91247e-01
+7.09644e+03 +9.23737e-02 +1.06250e-02 +3.16581e-02 +2.30985e-01
+7.09657e+03 +9.30481e-02 +6.99307e-03 +2.73218e-02 +2.69694e-01
+7.09670e+03 +9.48502e-02 +7.42685e-03 +3.13879e-02 +3.22174e-01
+7.09683e+03 +9.40473e-02 +4.77060e-03 +2.68346e-02 +3.53133e-01
+7.09696e+03 +9.57483e-02 +1.74563e-02 +2.14138e-02 +4.05181e-01
+7.09709e+03 +9.33383e-02 +1.02462e-02 +1.92998e-02 +4.49587e-01
+7.09722e+03 +9.52021e-02 +1.11138e-02 +3.04680e-02 +4.82554e-01
+7.09735e+03 +9.31565e-02 +1.12766e-02 +2.43964e-02 +5.01644e-01
+7.09748e+03 +9.33430e-02 +3.09025e-03 +2.66738e-02 +5.12277e-01
+7.09761e+03 +9.14040e-02 -2.06020e-03 +2.19573e-02 +5.20416e-01
+7.09774e+03 +9.18359e-02 +1.75119e-02 +2.41263e-02 +4.98574e-01
+7.09787e+03 +9.12366e-02 +1.78374e-02 +2.13073e-02 +4.68219e-01
+7.09800e+03 +8.89592e-02 +1.78376e-02 +2.19040e-02 +4.20784e-01
+7.09813e+03 +8.98641e-02 +1.73499e-02 +3.37239e-02 +3.92162e-01
+7.09826e+03 +8.90999e-02 +1.62658e-02 +2.72722e-02 +3.38328e-01
+7.09839e+03 +9.12251e-02 +2.63509e-02 +4.17493e-02 +2.75708e-01
+7.09852e+03 +9.22319e-02 +1.45853e-02 +5.27024e-02 +2.34775e-01
+7.09865e+03 +9.05875e-02 +1.50735e-02 +4.18588e-02 +1.82400e-01
+7.09877e+03 +9.73422e-02 +1.47484e-02 +4.69020e-02 +1.62720e-01
+7.09890e+03 +9.52434e-02 -3.79558e-04 +4.97221e-02 +1.38213e-01
+7.09903e+03 +9.80856e-02 +4.93432e-03 +3.64923e-02 +1.06495e-01
+7.09916e+03 +1.01802e-01 +5.74774e-03 +3.56794e-02 +1.03676e-01
+7.09929e+03 +1.01714e-01 +1.16583e-02 +3.00947e-02 +9.71705e-02
+7.09942e+03 +1.05441e-01 +2.19070e-02 +3.88253e-02 +8.95260e-02
+7.09955e+03 +1.05504e-01 +8.73038e-03 +2.78179e-02 +8.13932e-02
+7.09968e+03 +1.06555e-01 +9.16430e-03 +1.91962e-02 +7.16876e-02
+7.09981e+03 +1.07307e-01 +9.27286e-03 +1.76781e-02 +7.21765e-02
+7.09994e+03 +1.09310e-01 +1.14963e-02 +2.71140e-02 +6.03014e-02
+7.10007e+03 +1.09070e-01 +2.81989e-03 +3.06391e-02 +4.31117e-02
+7.10020e+03 +1.11663e-01 +1.44792e-02 +1.53469e-02 +7.22875e-02
+7.10033e+03 +1.13862e-01 +2.06073e-02 +3.21583e-02 +7.26138e-02
+7.10046e+03 +1.15674e-01 +3.74190e-03 +2.83625e-02 +9.99468e-02
+7.10059e+03 +1.13262e-01 +1.13885e-02 +3.77449e-02 +1.14970e-01
+7.10072e+03 +1.18165e-01 +2.00658e-02 +5.13032e-02 +1.62045e-01
+7.10085e+03 +1.17929e-01 +1.23108e-02 +5.43409e-02 +2.03371e-01
+7.10098e+03 +1.17502e-01 +1.05754e-02 +4.30068e-02 +2.30436e-01
+7.10111e+03 +1.18133e-01 +1.31245e-02 +4.59359e-02 +2.21653e-01
+7.10123e+03 +1.20466e-01 +1.16604e-02 +5.05463e-02 +2.01968e-01
+7.10136e+03 +1.20810e-01 +1.59993e-02 +4.90283e-02 +1.88737e-01
+7.10149e+03 +1.21919e-01 +1.41555e-02 +5.43440e-02 +1.64550e-01
+7.10162e+03 +1.23193e-01 +1.93623e-02 +5.45073e-02 +1.30709e-01
+7.10175e+03 +1.21085e-01 +2.07727e-02 +6.95314e-02 +1.34073e-01
+7.10188e+03 +1.20774e-01 +2.07729e-02 +8.08678e-02 +1.49261e-01
+7.10201e+03 +1.21630e-01 +2.73359e-02 +8.79739e-02 +1.68951e-01
+7.10214e+03 +1.22678e-01 +3.09159e-02 +8.16832e-02 +2.05401e-01
+7.10227e+03 +1.21302e-01 +2.93976e-02 +9.00369e-02 +2.15221e-01
+7.10240e+03 +1.21687e-01 +3.51473e-02 +9.96925e-02 +2.29271e-01
+7.10253e+03 +1.16219e-01 +8.84116e-03 +1.16671e-01 +2.31986e-01
+7.10266e+03 +1.20676e-01 +3.64498e-02 +1.23669e-01 +2.20814e-01
+7.10279e+03 +1.20574e-01 +2.83683e-02 +1.34573e-01 +2.13331e-01
+7.10292e+03 +1.23530e-01 +2.41377e-02 +1.43579e-01 +2.12954e-01
+7.10305e+03 +1.22028e-01 +3.08098e-02 +1.63053e-01 +1.91368e-01
+7.10318e+03 +1.21978e-01 +1.94733e-02 +1.80575e-01 +1.75910e-01
+7.10331e+03 +1.21915e-01 +2.15347e-02 +1.92945e-01 +1.71681e-01
+7.10344e+03 +1.21610e-01 +3.68319e-02 +2.24246e-01 +1.72063e-01
+7.10357e+03 +1.21272e-01 +1.56768e-02 +2.31951e-01 +1.56551e-01
+7.10370e+03 +1.21466e-01 +2.25118e-02 +2.40090e-01 +1.65720e-01
+7.10382e+03 +1.20089e-01 +1.92031e-02 +2.40255e-01 +1.79608e-01
+7.10395e+03 +1.19130e-01 +2.90761e-02 +2.70690e-01 +1.88615e-01
+7.10408e+03 +1.20980e-01 +2.92391e-02 +2.40965e-01 +2.00877e-01
+7.10421e+03 +1.21507e-01 +3.48269e-02 +2.42270e-01 +2.36411e-01
+7.10434e+03 +1.21273e-01 +3.63462e-02 +2.27733e-01 +2.62452e-01
+7.10447e+03 +1.21370e-01 +3.31459e-02 +2.04192e-01 +2.91369e-01
+7.10460e+03 +1.21579e-01 +4.01986e-02 +1.64049e-01 +3.01137e-01
+7.10473e+03 +1.21378e-01 +2.71791e-02 +1.35407e-01 +3.33147e-01
+7.10486e+03 +1.15662e-01 +3.80836e-02 +9.39614e-02 +3.30601e-01
+7.10499e+03 +1.23334e-01 +3.83553e-02 +9.42878e-02 +3.23714e-01
+7.10512e+03 +1.26919e-01 +3.50463e-02 +7.92068e-02 +3.36846e-01
+7.10525e+03 +1.25668e-01 +3.36903e-02 +7.41079e-02 +3.09669e-01
+7.10538e+03 +1.26612e-01 +2.19722e-02 +6.13593e-02 +2.78585e-01
+7.10551e+03 +1.27688e-01 +2.73977e-02 +7.43806e-02 +2.55910e-01
+7.10564e+03 +1.29576e-01 +3.66210e-02 +7.05293e-02 +2.24771e-01
+7.10577e+03 +1.27397e-01 +1.30209e-02 +9.08208e-02 +2.12187e-01
+7.10590e+03 +1.27503e-01 +3.24983e-02 +1.03300e-01 +1.95858e-01
+7.10603e+03 +1.27656e-01 +1.89349e-02 +1.11439e-01 +1.97813e-01
+7.10616e+03 +1.29135e-01 +1.61681e-02 +1.17137e-01 +1.91358e-01
+7.10629e+03 +1.29204e-01 +1.95321e-02 +1.30105e-01 +1.95429e-01
+7.10641e+03 +1.27031e-01 +1.76875e-02 +1.28750e-01 +1.80890e-01
+7.10654e+03 +1.27920e-01 +1.73079e-02 +1.29185e-01 +1.76117e-01
+7.10667e+03 +1.28184e-01 +1.85017e-02 +1.21265e-01 +1.70313e-01
+7.10680e+03 +1.28201e-01 +2.36021e-02 +1.16980e-01 +1.65594e-01
+7.10693e+03 +1.27690e-01 +1.81222e-02 +1.11012e-01 +1.75308e-01
+7.10706e+03 +1.29852e-01 +2.37653e-02 +9.52781e-02 +1.80356e-01
+7.10719e+03 +1.32181e-01 +1.61149e-02 +1.02278e-01 +2.23330e-01
+7.10732e+03 +1.31993e-01 +2.12697e-02 +9.96205e-02 +2.40532e-01
+7.10745e+03 +1.31535e-01 +1.32937e-02 +9.59316e-02 +2.70323e-01
+7.10758e+03 +1.34393e-01 +3.38042e-02 +8.93127e-02 +3.07223e-01
+7.10771e+03 +1.35339e-01 +2.58282e-02 +8.26393e-02 +2.96319e-01
+7.10784e+03 +1.39395e-01 +1.96426e-02 +8.75235e-02 +2.74888e-01
+7.10797e+03 +1.37554e-01 +1.90459e-02 +7.10286e-02 +2.40434e-01
+7.10810e+03 +1.39598e-01 +2.38211e-02 +6.02310e-02 +2.15421e-01
+7.10823e+03 +1.39283e-01 +2.65887e-02 +5.31231e-02 +1.70059e-01
+7.10836e+03 +1.40594e-01 +3.10385e-02 +5.61623e-02 +1.48355e-01
+7.10849e+03 +1.40960e-01 +1.74186e-02 +3.67364e-02 +1.17643e-01
+7.10862e+03 +1.45242e-01 +2.07288e-02 +3.79305e-02 +1.22854e-01
+7.10875e+03 +1.46296e-01 +2.79461e-02 +3.68998e-02 +1.20304e-01
+7.10888e+03 +1.47609e-01 +3.53264e-02 +3.40240e-02 +1.37073e-01
+7.10901e+03 +1.49677e-01 +1.82331e-02 +3.76058e-02 +1.36260e-01
+7.10913e+03 +1.51021e-01 +3.74975e-02 +3.47300e-02 +1.45920e-01
+7.10926e+03 +1.52757e-01 +2.87610e-02 +5.82817e-02 +1.51565e-01
+7.10939e+03 +1.55217e-01 +2.81643e-02 +6.50112e-02 +1.34961e-01
+7.10952e+03 +1.55816e-01 +2.59395e-02 +7.45626e-02 +1.42342e-01
+7.10965e+03 +1.57847e-01 +3.71188e-02 +7.21211e-02 +1.25086e-01
+7.10978e+03 +1.57397e-01 +3.79331e-02 +6.12139e-02 +1.08427e-01
+7.10991e+03 +1.56069e-01 +2.25755e-02 +6.89204e-02 +8.80770e-02
+7.11004e+03 +1.55766e-01 +3.21269e-02 +7.79294e-02 +6.87580e-02
+7.11017e+03 +1.58832e-01 +2.87082e-02 +6.43628e-02 +6.57195e-02
+7.11030e+03 +1.59380e-01 +3.59804e-02 +6.96816e-02 +4.86252e-02
+7.11043e+03 +1.61246e-01 +4.75944e-02 +8.24354e-02 +5.93709e-02
+7.11056e+03 +1.61577e-01 +3.88573e-02 +7.40784e-02 +5.00911e-02
+7.11069e+03 +1.62995e-01 +4.56956e-02 +8.66154e-02 +4.45559e-02
+7.11082e+03 +1.65505e-01 +4.27653e-02 +1.01866e-01 +4.97119e-02
+7.11095e+03 +1.67565e-01 +3.75013e-02 +1.28785e-01 +4.81384e-02
+7.11108e+03 +1.69460e-01 +3.44623e-02 +1.29926e-01 +5.61709e-02
+7.11121e+03 +1.71264e-01 +3.08806e-02 +1.43440e-01 +4.92245e-02
+7.11134e+03 +1.76968e-01 +4.45574e-02 +1.55924e-01 +4.97675e-02
+7.11147e+03 +1.75707e-01 +3.57655e-02 +1.61678e-01 +3.72309e-02
+7.11160e+03 +1.80052e-01 +3.59286e-02 +1.62710e-01 +5.75291e-02
+7.11172e+03 +1.82986e-01 +3.82626e-02 +1.60051e-01 +4.84116e-02
+7.11185e+03 +1.84344e-01 +2.95248e-02 +1.74435e-01 +6.72991e-02
+7.11198e+03 +1.91404e-01 +4.40161e-02 +1.67109e-01 +1.11044e-01
+7.11211e+03 +1.87676e-01 +4.18996e-02 +1.57015e-01 +1.33949e-01
+7.11224e+03 +1.93224e-01 +5.54685e-02 +1.47247e-01 +1.54357e-01
+7.11237e+03 +1.92551e-01 +4.92272e-02 +1.36990e-01 +2.02499e-01
+7.11250e+03 +1.92711e-01 +4.81963e-02 +1.32486e-01 +2.23342e-01
+7.11263e+03 +1.92768e-01 +5.04762e-02 +1.09799e-01 +2.33222e-01
+7.11276e+03 +1.94792e-01 +5.26475e-02 +9.59595e-02 +1.94959e-01
+7.11289e+03 +1.95896e-01 +5.12366e-02 +8.29881e-02 +1.76669e-01
+7.11302e+03 +1.99583e-01 +6.32863e-02 +8.18488e-02 +1.51702e-01
+7.11315e+03 +2.00439e-01 +4.74921e-02 +6.23096e-02 +1.30698e-01
+7.11328e+03 +2.04958e-01 +4.40186e-02 +6.60008e-02 +1.22720e-01
+7.11341e+03 +2.06041e-01 +4.71127e-02 +5.00979e-02 +1.13277e-01
+7.11354e+03 +2.09538e-01 +4.67873e-02 +5.74257e-02 +1.22396e-01
+7.11367e+03 +2.09534e-01 +6.12797e-02 +2.98528e-02 +1.58220e-01
+7.11380e+03 +2.08854e-01 +7.53924e-02 +4.26626e-02 +1.84003e-01
+7.11393e+03 +2.12444e-01 +8.03864e-02 +4.68966e-02 +2.38337e-01
+7.11406e+03 +2.09758e-01 +9.86245e-02 +4.36401e-02 +2.56196e-01
+7.11419e+03 +2.09661e-01 +1.13932e-01 +5.92184e-02 +2.97558e-01
+7.11431e+03 +2.08492e-01 +1.14855e-01 +5.62334e-02 +3.06895e-01
+7.11444e+03 +2.09595e-01 +1.29023e-01 +6.56240e-02 +3.36479e-01
+7.11457e+03 +2.08186e-01 +1.38902e-01 +6.71442e-02 +3.42831e-01
+7.11470e+03 +2.08836e-01 +1.40585e-01 +5.80254e-02 +3.75130e-01
+7.11483e+03 +2.09997e-01 +1.61918e-01 +8.71200e-02 +3.99124e-01
+7.11496e+03 +2.11610e-01 +1.64742e-01 +8.60348e-02 +3.96249e-01
+7.11509e+03 +2.11402e-01 +1.64145e-01 +1.16053e-01 +3.90497e-01
+7.11522e+03 +2.09331e-01 +1.47808e-01 +1.25932e-01 +3.69220e-01
+7.11535e+03 +2.11288e-01 +1.44117e-01 +1.45800e-01 +3.36219e-01
+7.11548e+03 +2.10710e-01 +1.33316e-01 +1.42706e-01 +2.99797e-01
+7.11561e+03 +2.12019e-01 +1.11332e-01 +1.42273e-01 +2.50728e-01
+7.11574e+03 +2.11515e-01 +9.59165e-02 +1.62141e-01 +2.27062e-01
+7.11587e+03 +2.10713e-01 +8.92402e-02 +1.54542e-01 +2.17347e-01
+7.11600e+03 +2.08974e-01 +7.47471e-02 +1.27130e-01 +2.07414e-01
+7.11613e+03 +2.05726e-01 +5.52599e-02 +1.18608e-01 +2.05352e-01
+7.11626e+03 +2.07138e-01 +6.10684e-02 +1.10249e-01 +1.95202e-01
+7.11639e+03 +2.08571e-01 +6.84512e-02 +9.20644e-02 +2.17839e-01
+7.11652e+03 +2.09988e-01 +5.90061e-02 +8.48451e-02 +2.06006e-01
+7.11665e+03 +2.12897e-01 +7.07317e-02 +7.23602e-02 +2.12955e-01
+7.11677e+03 +2.14195e-01 +9.26626e-02 +6.31865e-02 +1.96182e-01
+7.11690e+03 +2.16739e-01 +1.03248e-01 +5.59669e-02 +1.95803e-01
+7.11703e+03 +2.17993e-01 +1.27134e-01 +5.07016e-02 +1.90538e-01
+7.11716e+03 +2.20546e-01 +1.43203e-01 +5.18960e-02 +2.09104e-01
+7.11729e+03 +2.20853e-01 +1.51183e-01 +3.94107e-02 +2.00799e-01
+7.11742e+03 +2.17643e-01 +1.68012e-01 +3.18110e-02 +2.00800e-01
+7.11755e+03 +2.18760e-01 +1.91952e-01 +3.61539e-02 +2.36466e-01
+7.11768e+03 +2.15656e-01 +2.01561e-01 +2.13884e-02 +2.79732e-01
+7.11781e+03 +2.14010e-01 +1.95808e-01 +2.86627e-02 +3.39284e-01
+7.11794e+03 +2.11901e-01 +1.91357e-01 +2.74685e-02 +3.91128e-01
+7.11807e+03 +2.09881e-01 +1.81315e-01 +3.08886e-02 +4.61375e-01
+7.11820e+03 +2.11450e-01 +1.80392e-01 +3.37116e-02 +5.16966e-01
+7.11833e+03 +2.10521e-01 +1.63239e-01 +4.15832e-02 +5.43730e-01
+7.11846e+03 +2.13219e-01 +1.47930e-01 +3.33861e-02 +5.48075e-01
+7.11859e+03 +2.14693e-01 +1.34848e-01 +4.71207e-02 +5.15288e-01
+7.11872e+03 +2.18021e-01 +1.27845e-01 +5.16809e-02 +4.76366e-01
+7.11885e+03 +2.22318e-01 +1.09442e-01 +7.56759e-02 +4.35760e-01
+7.11898e+03 +2.24892e-01 +9.68480e-02 +7.08988e-02 +3.75123e-01
+7.11911e+03 +2.27182e-01 +9.25596e-02 +1.06837e-01 +3.26103e-01
+7.11924e+03 +2.33209e-01 +9.01169e-02 +1.17749e-01 +3.17906e-01
+7.11936e+03 +2.34042e-01 +9.29401e-02 +1.36099e-01 +3.35876e-01
+7.11949e+03 +2.39098e-01 +9.50575e-02 +1.58900e-01 +3.89242e-01
+7.11962e+03 +2.40178e-01 +1.02224e-01 +1.79095e-01 +4.23607e-01
+7.11975e+03 +2.40796e-01 +1.13679e-01 +2.11668e-01 +4.42066e-01
+7.11988e+03 +2.39402e-01 +1.20736e-01 +2.09280e-01 +4.43044e-01
+7.12001e+03 +2.40566e-01 +1.30834e-01 +2.27521e-01 +4.14653e-01
+7.12014e+03 +2.39271e-01 +1.28229e-01 +2.25405e-01 +3.74480e-01
+7.12027e+03 +2.38609e-01 +1.37132e-01 +2.32300e-01 +2.96794e-01
+7.12040e+03 +2.36461e-01 +1.51845e-01 +2.22908e-01 +2.80943e-01
+7.12053e+03 +2.34532e-01 +1.59174e-01 +2.25189e-01 +2.80183e-01
+7.12066e+03 +2.30978e-01 +1.48534e-01 +2.37893e-01 +3.07763e-01
+7.12079e+03 +2.29570e-01 +1.50543e-01 +2.19218e-01 +3.89034e-01
+7.12092e+03 +2.28810e-01 +1.38762e-01 +2.28556e-01 +4.66450e-01
+7.12105e+03 +2.27582e-01 +1.43866e-01 +1.98372e-01 +5.36267e-01
+7.12118e+03 +2.29162e-01 +1.45223e-01 +2.06461e-01 +5.92891e-01
+7.12131e+03 +2.26385e-01 +1.30240e-01 +1.78069e-01 +5.93164e-01
+7.12144e+03 +2.26577e-01 +1.36320e-01 +1.63248e-01 +5.58365e-01
+7.12157e+03 +2.29868e-01 +1.27797e-01 +1.58579e-01 +4.81655e-01
+7.12170e+03 +2.23952e-01 +1.08742e-01 +1.51956e-01 +3.87247e-01
+7.12183e+03 +2.27089e-01 +1.12488e-01 +1.52825e-01 +2.91480e-01
+7.12195e+03 +2.26772e-01 +1.01793e-01 +1.45876e-01 +2.37734e-01
+7.12208e+03 +2.29586e-01 +9.81557e-02 +1.55703e-01 +1.85779e-01
+7.12221e+03 +2.28955e-01 +8.60493e-02 +1.60155e-01 +1.47994e-01
+7.12234e+03 +2.31282e-01 +6.65593e-02 +1.81002e-01 +1.36865e-01
+7.12247e+03 +2.34528e-01 +6.85138e-02 +1.87952e-01 +1.31490e-01
+7.12260e+03 +2.37437e-01 +5.94475e-02 +2.11296e-01 +1.31110e-01
+7.12273e+03 +2.37822e-01 +5.14669e-02 +2.12491e-01 +1.47723e-01
+7.12286e+03 +2.35173e-01 +5.17384e-02 +2.06899e-01 +1.59341e-01
+7.12299e+03 +2.36816e-01 +5.71675e-02 +2.01742e-01 +1.75086e-01
+7.12312e+03 +2.36393e-01 +5.78733e-02 +1.86704e-01 +1.98159e-01
+7.12325e+03 +2.37362e-01 +5.26615e-02 +1.90776e-01 +2.32688e-01
+7.12338e+03 +2.36081e-01 +7.31289e-02 +1.78126e-01 +2.33394e-01
+7.12351e+03 +2.37589e-01 +7.71465e-02 +1.70526e-01 +2.43546e-01
+7.12364e+03 +2.36495e-01 +9.35965e-02 +1.59125e-01 +2.53318e-01
+7.12377e+03 +2.35697e-01 +1.18679e-01 +1.54239e-01 +2.50496e-01
+7.12390e+03 +2.35730e-01 +1.40721e-01 +1.31220e-01 +2.74818e-01
+7.12403e+03 +2.33674e-01 +1.67974e-01 +1.28234e-01 +2.80410e-01
+7.12416e+03 +2.34642e-01 +1.64988e-01 +1.26279e-01 +3.05546e-01
+7.12429e+03 +2.33793e-01 +1.78561e-01 +1.22533e-01 +3.18902e-01
+7.12442e+03 +2.32288e-01 +1.96368e-01 +1.14716e-01 +3.15047e-01
+7.12455e+03 +2.32756e-01 +1.91211e-01 +1.14064e-01 +3.26014e-01
+7.12467e+03 +2.33996e-01 +2.21614e-01 +1.17702e-01 +3.16676e-01
+7.12480e+03 +2.33942e-01 +2.10430e-01 +1.36812e-01 +3.57502e-01
+7.12493e+03 +2.32380e-01 +1.97671e-01 +1.40884e-01 +4.04572e-01
+7.12506e+03 +2.31808e-01 +1.93437e-01 +1.42024e-01 +4.72164e-01
+7.12519e+03 +2.34373e-01 +1.99137e-01 +1.55596e-01 +5.69126e-01
+7.12532e+03 +2.34358e-01 +1.71775e-01 +1.76227e-01 +6.73038e-01
+7.12545e+03 +2.37882e-01 +1.61188e-01 +2.19062e-01 +7.48339e-01
+7.12558e+03 +2.38631e-01 +1.61405e-01 +2.23459e-01 +8.35312e-01
+7.12571e+03 +2.41137e-01 +1.58365e-01 +2.40235e-01 +8.79504e-01
+7.12584e+03 +2.43704e-01 +1.47453e-01 +2.57608e-01 +8.94053e-01
+7.12597e+03 +2.42902e-01 +1.40883e-01 +2.81821e-01 +9.09091e-01
+7.12610e+03 +2.42382e-01 +1.30622e-01 +2.66891e-01 +8.90360e-01
+7.12623e+03 +2.39648e-01 +1.19004e-01 +2.64013e-01 +8.31346e-01
+7.12636e+03 +2.35607e-01 +1.23673e-01 +2.49681e-01 +7.53982e-01
+7.12649e+03 +2.34064e-01 +1.18027e-01 +2.37085e-01 +6.35195e-01
+7.12662e+03 +2.32123e-01 +1.05323e-01 +2.26553e-01 +5.01586e-01
+7.12675e+03 +2.33467e-01 +1.07711e-01 +2.19712e-01 +3.74601e-01
+7.12688e+03 +2.33697e-01 +8.16521e-02 +2.09668e-01 +2.97563e-01
+7.12701e+03 +2.37391e-01 +8.59953e-02 +2.26443e-01 +2.38387e-01
+7.12714e+03 +2.37430e-01 +7.48115e-02 +2.26063e-01 +2.19060e-01
+7.12726e+03 +2.36585e-01 +7.24226e-02 +2.34912e-01 +2.36812e-01
+7.12739e+03 +2.38829e-01 +7.07395e-02 +2.36052e-01 +2.50927e-01
+7.12752e+03 +2.38583e-01 +5.81442e-02 +2.44195e-01 +2.80460e-01
+7.12765e+03 +2.35272e-01 +5.20637e-02 +2.08961e-01 +3.15260e-01
+7.12778e+03 +2.36362e-01 +6.60704e-02 +2.06137e-01 +3.51416e-01
+7.12791e+03 +2.33129e-01 +6.58531e-02 +1.73346e-01 +3.64445e-01
+7.12804e+03 +2.30569e-01 +5.06520e-02 +1.56245e-01 +3.74922e-01
+7.12817e+03 +2.31569e-01 +7.26391e-02 +1.47341e-01 +3.85942e-01
+7.12830e+03 +2.27934e-01 +6.16725e-02 +1.39252e-01 +3.88168e-01
+7.12843e+03 +2.27011e-01 +7.68734e-02 +1.40663e-01 +4.25844e-01
+7.12856e+03 +2.25789e-01 +8.21393e-02 +1.54995e-01 +4.48590e-01
+7.12869e+03 +2.25106e-01 +6.93812e-02 +1.72910e-01 +4.47069e-01
+7.12882e+03 +2.25779e-01 +7.97502e-02 +1.88871e-01 +4.50597e-01
+7.12895e+03 +2.26161e-01 +9.42995e-02 +2.12757e-01 +4.36590e-01
+7.12908e+03 +2.25887e-01 +1.06840e-01 +2.08197e-01 +3.86480e-01
+7.12921e+03 +2.29675e-01 +1.15092e-01 +2.03093e-01 +3.58141e-01
+7.12934e+03 +2.28076e-01 +1.37404e-01 +2.02604e-01 +3.10909e-01
+7.12947e+03 +2.30387e-01 +1.48153e-01 +1.82137e-01 +3.01300e-01
+7.12960e+03 +2.29859e-01 +1.64656e-01 +1.57218e-01 +2.94133e-01
+7.12973e+03 +2.28810e-01 +1.62267e-01 +1.27522e-01 +2.86695e-01
+7.12985e+03 +2.28214e-01 +1.55698e-01 +1.06404e-01 +3.03686e-01
+7.12998e+03 +2.26399e-01 +1.47391e-01 +9.01176e-02 +3.11503e-01
+7.13011e+03 +2.27300e-01 +1.47228e-01 +6.88909e-02 +3.28060e-01
+7.13024e+03 +2.27494e-01 +1.27793e-01 +6.67735e-02 +3.34139e-01
+7.13037e+03 +2.24085e-01 +1.23775e-01 +6.14532e-02 +3.41033e-01
+7.13050e+03 +2.21882e-01 +1.24372e-01 +6.23216e-02 +3.62150e-01
+7.13063e+03 +2.19033e-01 +1.10420e-01 +5.89557e-02 +3.70400e-01
+7.13076e+03 +2.17421e-01 +1.24534e-01 +6.34613e-02 +3.82831e-01
+7.13089e+03 +2.17925e-01 +1.31157e-01 +7.73042e-02 +4.11276e-01
+7.13102e+03 +2.14305e-01 +1.39408e-01 +7.51868e-02 +4.46887e-01
+7.13115e+03 +2.13948e-01 +1.55259e-01 +6.39493e-02 +4.70771e-01
+7.13128e+03 +2.12497e-01 +1.83813e-01 +5.08662e-02 +4.71313e-01
+7.13141e+03 +2.08747e-01 +1.93258e-01 +6.19946e-02 +4.75165e-01
+7.13154e+03 +2.07229e-01 +2.16275e-01 +4.88573e-02 +4.52418e-01
+7.13167e+03 +2.06275e-01 +2.21377e-01 +4.69571e-02 +4.33797e-01
+7.13180e+03 +2.04490e-01 +2.46619e-01 +4.40255e-02 +4.05947e-01
+7.13193e+03 +2.04228e-01 +2.60732e-01 +3.63169e-02 +3.97748e-01
+7.13206e+03 +2.07018e-01 +2.59374e-01 +4.97794e-02 +3.96281e-01
+7.13219e+03 +2.07191e-01 +2.30928e-01 +4.95078e-02 +3.99428e-01
+7.13231e+03 +2.05758e-01 +2.19093e-01 +5.70532e-02 +4.10501e-01
+7.13244e+03 +2.07739e-01 +2.05033e-01 +7.07870e-02 +4.23474e-01
+7.13257e+03 +2.09448e-01 +1.94338e-01 +7.51295e-02 +4.11964e-01
+7.13270e+03 +2.08253e-01 +1.96726e-01 +8.93517e-02 +3.65658e-01
+7.13283e+03 +2.06400e-01 +2.03293e-01 +9.06541e-02 +3.41880e-01
+7.13296e+03 +2.06166e-01 +2.05030e-01 +8.94595e-02 +2.78747e-01
+7.13309e+03 +2.04680e-01 +2.29673e-01 +9.90131e-02 +2.29782e-01
+7.13322e+03 +2.03624e-01 +2.64522e-01 +1.09381e-01 +1.92868e-01
+7.13335e+03 +2.03001e-01 +2.96494e-01 +1.19314e-01 +1.70720e-01
+7.13348e+03 +2.02508e-01 +3.40462e-01 +1.27239e-01 +1.45044e-01
+7.13361e+03 +2.02229e-01 +3.53488e-01 +1.48029e-01 +1.30712e-01
+7.13374e+03 +2.00305e-01 +3.76502e-01 +1.91508e-01 +1.34457e-01
+7.13387e+03 +2.01555e-01 +3.97779e-01 +2.11429e-01 +1.22080e-01
+7.13400e+03 +2.00295e-01 +3.92729e-01 +2.31512e-01 +1.26585e-01
+7.13413e+03 +2.00489e-01 +3.84857e-01 +2.56915e-01 +1.16271e-01
+7.13426e+03 +1.98738e-01 +3.61677e-01 +2.92251e-01 +1.16108e-01
+7.13439e+03 +1.99954e-01 +3.44740e-01 +3.08100e-01 +1.09105e-01
+7.13452e+03 +2.01021e-01 +3.14069e-01 +3.22863e-01 +1.05902e-01
+7.13465e+03 +2.01264e-01 +2.77048e-01 +3.35509e-01 +1.00962e-01
+7.13478e+03 +2.00381e-01 +2.47030e-01 +3.17974e-01 +1.07258e-01
+7.13490e+03 +1.99096e-01 +2.27868e-01 +3.16453e-01 +9.92240e-02
+7.13503e+03 +1.99814e-01 +2.08977e-01 +3.04347e-01 +9.50440e-02
+7.13516e+03 +1.98817e-01 +1.87807e-01 +2.66621e-01 +9.04298e-02
+7.13529e+03 +1.98682e-01 +1.71577e-01 +2.41434e-01 +1.08233e-01
+7.13542e+03 +1.97728e-01 +1.65008e-01 +2.13642e-01 +1.14420e-01
+7.13555e+03 +1.95632e-01 +1.54369e-01 +1.91875e-01 +1.19305e-01
+7.13568e+03 +1.96044e-01 +1.53174e-01 +1.72008e-01 +1.28749e-01
+7.13581e+03 +1.96337e-01 +1.53336e-01 +1.62237e-01 +1.44760e-01
+7.13594e+03 +1.93934e-01 +1.63756e-01 +1.49970e-01 +1.46659e-01
+7.13607e+03 +1.91561e-01 +1.53226e-01 +1.34554e-01 +1.58762e-01
+7.13620e+03 +1.88908e-01 +1.64677e-01 +1.28040e-01 +1.45246e-01
+7.13633e+03 +1.87949e-01 +1.67716e-01 +1.28582e-01 +1.57458e-01
+7.13646e+03 +1.86527e-01 +1.77376e-01 +1.15121e-01 +1.50075e-01
+7.13659e+03 +1.86107e-01 +1.80089e-01 +1.05242e-01 +1.32163e-01
+7.13672e+03 +1.86537e-01 +1.86981e-01 +9.44946e-02 +1.19624e-01
+7.13685e+03 +1.82350e-01 +1.92353e-01 +8.05995e-02 +9.36800e-02
+7.13698e+03 +1.85345e-01 +1.85405e-01 +7.33804e-02 +9.85099e-02
+7.13711e+03 +1.84414e-01 +1.71618e-01 +7.51168e-02 +8.17926e-02
+7.13724e+03 +1.84288e-01 +1.66352e-01 +7.94583e-02 +1.02308e-01
+7.13737e+03 +1.83604e-01 +1.43990e-01 +8.26057e-02 +1.13814e-01
+7.13749e+03 +1.84764e-01 +1.34220e-01 +1.07137e-01 +1.28521e-01
+7.13762e+03 +1.79540e-01 +1.22279e-01 +1.15766e-01 +1.40081e-01
+7.13775e+03 +1.76919e-01 +1.15114e-01 +1.26294e-01 +1.46158e-01
+7.13788e+03 +1.77412e-01 +9.89399e-02 +1.57392e-01 +1.46755e-01
+7.13801e+03 +1.78011e-01 +1.12670e-01 +1.83116e-01 +1.65369e-01
+7.13814e+03 +1.76488e-01 +1.20810e-01 +2.10468e-01 +1.72586e-01
+7.13827e+03 +1.78425e-01 +1.34975e-01 +2.36246e-01 +1.84254e-01
+7.13840e+03 +1.77589e-01 +1.56140e-01 +2.47045e-01 +1.95650e-01
+7.13853e+03 +1.79308e-01 +1.82352e-01 +2.63487e-01 +2.11550e-01
+7.13866e+03 +1.79647e-01 +2.03571e-01 +2.81015e-01 +2.14805e-01
+7.13879e+03 +1.79945e-01 +2.32821e-01 +2.75641e-01 +2.39008e-01
+7.13892e+03 +1.80386e-01 +2.53876e-01 +2.72708e-01 +2.56047e-01
+7.13905e+03 +1.83867e-01 +2.78622e-01 +2.62286e-01 +2.77048e-01
+7.13918e+03 +1.83459e-01 +3.03150e-01 +2.44973e-01 +3.02173e-01
+7.13931e+03 +1.84366e-01 +3.28545e-01 +2.23915e-01 +3.12156e-01
+7.13944e+03 +1.82775e-01 +3.41079e-01 +1.93360e-01 +3.39397e-01
+7.13957e+03 +1.86733e-01 +3.55512e-01 +1.78434e-01 +3.47318e-01
+7.13970e+03 +1.85240e-01 +3.55890e-01 +1.51408e-01 +3.47424e-01
+7.13983e+03 +1.88357e-01 +3.64841e-01 +1.33553e-01 +3.59469e-01
+7.13996e+03 +1.84439e-01 +3.53225e-01 +1.14558e-01 +3.72599e-01
+7.14009e+03 +1.83614e-01 +3.30539e-01 +1.06960e-01 +3.78620e-01
+7.14021e+03 +1.83816e-01 +3.13931e-01 +1.00339e-01 +3.77857e-01
+7.14034e+03 +1.82634e-01 +2.96292e-01 +1.08532e-01 +3.66458e-01
+7.14047e+03 +1.79483e-01 +2.73064e-01 +9.52361e-02 +3.64122e-01
+7.14060e+03 +1.78874e-01 +2.40937e-01 +1.09453e-01 +3.49305e-01
+7.14073e+03 +1.78122e-01 +2.09679e-01 +1.21173e-01 +3.22387e-01
+7.14086e+03 +1.76094e-01 +1.84390e-01 +1.19707e-01 +3.15493e-01
+7.14099e+03 +1.76351e-01 +1.51830e-01 +1.21388e-01 +2.63234e-01
+7.14112e+03 +1.75222e-01 +1.32783e-01 +1.36635e-01 +2.22969e-01
+7.14125e+03 +1.70962e-01 +1.20301e-01 +1.31968e-01 +1.86556e-01
+7.14138e+03 +1.70733e-01 +1.03208e-01 +1.31207e-01 +1.61757e-01
+7.14151e+03 +1.68428e-01 +1.05106e-01 +1.15687e-01 +1.30826e-01
+7.14164e+03 +1.70324e-01 +1.01415e-01 +1.07601e-01 +1.22415e-01
+7.14177e+03 +1.68288e-01 +9.77789e-02 +9.47945e-02 +1.05864e-01
+7.14190e+03 +1.68377e-01 +1.10204e-01 +6.84772e-02 +9.87005e-02
+7.14203e+03 +1.67097e-01 +1.05537e-01 +6.10972e-02 +9.83199e-02
+7.14216e+03 +1.67179e-01 +1.19697e-01 +5.52909e-02 +9.58231e-02
+7.14229e+03 +1.65801e-01 +1.30331e-01 +4.54152e-02 +9.11017e-02
+7.14242e+03 +1.67590e-01 +1.52685e-01 +5.61039e-02 +6.78238e-02
+7.14255e+03 +1.66459e-01 +1.52033e-01 +4.88327e-02 +6.73892e-02
+7.14268e+03 +1.65324e-01 +1.61526e-01 +6.22883e-02 +6.78227e-02
+7.14280e+03 +1.66470e-01 +1.78019e-01 +6.01175e-02 +5.27927e-02
+7.14293e+03 +1.63903e-01 +1.87296e-01 +7.77505e-02 +5.73498e-02
+7.14306e+03 +1.63100e-01 +1.93154e-01 +8.65937e-02 +4.35139e-02
+7.14319e+03 +1.64948e-01 +1.93803e-01 +9.58708e-02 +5.81627e-02
+7.14332e+03 +1.62464e-01 +1.97925e-01 +9.83657e-02 +4.38929e-02
+7.14345e+03 +1.63196e-01 +1.88266e-01 +1.05309e-01 +5.75106e-02
+7.14358e+03 +1.63006e-01 +1.69275e-01 +9.88522e-02 +7.55769e-02
+7.14371e+03 +1.61961e-01 +1.56632e-01 +1.01998e-01 +1.00479e-01
+7.14384e+03 +1.64091e-01 +1.43881e-01 +9.44016e-02 +1.39432e-01
+7.14397e+03 +1.64207e-01 +1.21961e-01 +9.22848e-02 +1.78222e-01
+7.14410e+03 +1.63046e-01 +1.06986e-01 +8.53939e-02 +2.43215e-01
+7.14423e+03 +1.64442e-01 +1.06714e-01 +9.72743e-02 +3.14066e-01
+7.14436e+03 +1.62841e-01 +8.47955e-02 +8.60433e-02 +3.84970e-01
+7.14449e+03 +1.62308e-01 +8.39267e-02 +8.17566e-02 +4.44155e-01
+7.14462e+03 +1.57265e-01 +8.88084e-02 +8.21356e-02 +5.02199e-01
+7.14475e+03 +1.62280e-01 +8.88076e-02 +8.49558e-02 +5.54654e-01
+7.14488e+03 +1.64763e-01 +8.39785e-02 +8.69622e-02 +5.95011e-01
+7.14501e+03 +1.62797e-01 +8.25130e-02 +8.91856e-02 +6.03576e-01
+7.14514e+03 +1.64155e-01 +9.34161e-02 +8.77743e-02 +5.94728e-01
+7.14527e+03 +1.66032e-01 +1.01227e-01 +8.47355e-02 +5.80238e-01
+7.14539e+03 +1.63592e-01 +1.12184e-01 +9.32515e-02 +5.32331e-01
+7.14552e+03 +1.65200e-01 +1.02744e-01 +9.15690e-02 +4.94624e-01
+7.14565e+03 +1.65553e-01 +1.01604e-01 +1.09144e-01 +4.42597e-01
+7.14578e+03 +1.63460e-01 +8.79869e-02 +1.01928e-01 +3.86014e-01
+7.14591e+03 +1.64276e-01 +1.18255e-01 +1.19774e-01 +3.47170e-01
+7.14604e+03 +1.62180e-01 +1.09195e-01 +1.20695e-01 +2.81314e-01
+7.14617e+03 +1.62505e-01 +1.15974e-01 +1.33387e-01 +2.40085e-01
+7.14630e+03 +1.62214e-01 +1.30999e-01 +1.33060e-01 +1.98749e-01
+7.14643e+03 +1.59905e-01 +1.61373e-01 +1.36042e-01 +1.64357e-01
+7.14656e+03 +1.60878e-01 +1.71623e-01 +1.39024e-01 +1.31267e-01
+7.14669e+03 +1.60698e-01 +1.89630e-01 +1.46833e-01 +9.77441e-02
+7.14682e+03 +1.59239e-01 +2.03568e-01 +1.40540e-01 +9.29698e-02
+7.14695e+03 +1.53055e-01 +2.17560e-01 +1.58004e-01 +7.44727e-02
+7.14708e+03 +1.57717e-01 +2.51892e-01 +1.71345e-01 +6.50883e-02
+7.14721e+03 +1.59394e-01 +2.75321e-01 +1.73784e-01 +5.77110e-02
+7.14734e+03 +1.57268e-01 +3.12417e-01 +1.97051e-01 +5.95003e-02
+7.14747e+03 +1.53390e-01 +3.45879e-01 +1.88099e-01 +5.39131e-02
+7.14760e+03 +1.55574e-01 +3.74675e-01 +1.97968e-01 +4.98989e-02
+7.14773e+03 +1.53431e-01 +3.84597e-01 +2.11309e-01 +6.21559e-02
+7.14785e+03 +1.51715e-01 +4.29338e-01 +2.27089e-01 +6.31315e-02
+7.14798e+03 +1.51585e-01 +4.28682e-01 +2.39724e-01 +9.17132e-02
+7.14811e+03 +1.49028e-01 +4.25640e-01 +2.38962e-01 +8.03770e-02
+7.14824e+03 +1.48389e-01 +4.16144e-01 +2.41454e-01 +1.07005e-01
+7.14837e+03 +1.45261e-01 +3.87395e-01 +2.49478e-01 +1.20725e-01
+7.14850e+03 +1.45269e-01 +3.46933e-01 +2.40960e-01 +1.48492e-01
+7.14863e+03 +1.44963e-01 +3.07501e-01 +2.48387e-01 +1.70346e-01
+7.14876e+03 +1.41325e-01 +2.52560e-01 +2.30433e-01 +2.07222e-01
+7.14889e+03 +1.43146e-01 +2.21428e-01 +2.16331e-01 +2.20669e-01
+7.14902e+03 +1.42407e-01 +1.86826e-01 +2.09115e-01 +2.48216e-01
+7.14915e+03 +1.41102e-01 +1.61715e-01 +1.96097e-01 +2.61445e-01
+7.14928e+03 +1.41648e-01 +1.42082e-01 +1.71746e-01 +2.46041e-01
+7.14941e+03 +1.38552e-01 +1.39694e-01 +1.38827e-01 +2.28847e-01
+7.14954e+03 +1.38510e-01 +1.08511e-01 +1.32318e-01 +2.18975e-01
+7.14967e+03 +1.39482e-01 +1.12957e-01 +1.13228e-01 +1.93865e-01
+7.14980e+03 +1.38737e-01 +1.09105e-01 +1.05797e-01 +1.70653e-01
+7.14993e+03 +1.37126e-01 +1.10839e-01 +9.23479e-02 +1.35729e-01
+7.15006e+03 +1.35233e-01 +1.16640e-01 +9.38651e-02 +1.24286e-01
+7.15019e+03 +1.36079e-01 +1.10132e-01 +8.86041e-02 +1.13927e-01
+7.15032e+03 +1.36314e-01 +1.09805e-01 +8.87657e-02 +1.16149e-01
+7.15044e+03 +1.34785e-01 +1.02321e-01 +8.68668e-02 +1.22438e-01
+7.15057e+03 +1.36482e-01 +9.34267e-02 +9.55956e-02 +1.49656e-01
+7.15070e+03 +1.35360e-01 +1.08283e-01 +1.07632e-01 +1.62993e-01
+7.15083e+03 +1.34695e-01 +9.71115e-02 +1.17770e-01 +1.92759e-01
+7.15096e+03 +1.34804e-01 +9.84116e-02 +1.20208e-01 +2.25669e-01
+7.15109e+03 +1.32248e-01 +1.10122e-01 +1.14785e-01 +2.18346e-01
+7.15122e+03 +1.33293e-01 +1.01283e-01 +1.39562e-01 +2.45996e-01
+7.15135e+03 +1.31182e-01 +9.97091e-02 +1.22427e-01 +2.52119e-01
+7.15148e+03 +1.30345e-01 +1.08925e-01 +1.40046e-01 +2.48266e-01
+7.15161e+03 +1.28982e-01 +8.62063e-02 +1.63033e-01 +2.35847e-01
+7.15174e+03 +1.28008e-01 +9.38498e-02 +1.87049e-01 +2.11338e-01
+7.15187e+03 +1.25512e-01 +7.04271e-02 +1.89269e-01 +1.90679e-01
+7.15200e+03 +1.26548e-01 +7.43839e-02 +2.04881e-01 +1.54840e-01
+7.15213e+03 +1.26650e-01 +6.61422e-02 +2.07589e-01 +1.19815e-01
+7.15226e+03 +1.23136e-01 +5.90935e-02 +2.13875e-01 +9.89410e-02
+7.15239e+03 +1.23702e-01 +5.16113e-02 +2.06391e-01 +8.02902e-02
+7.15252e+03 +1.21482e-01 +5.97425e-02 +1.99557e-01 +7.15067e-02
+7.15265e+03 +1.22897e-01 +7.71438e-02 +1.86652e-01 +5.67600e-02
+7.15278e+03 +1.21623e-01 +8.94487e-02 +1.78572e-01 +5.98493e-02
+7.15291e+03 +1.24341e-01 +1.27070e-01 +1.67565e-01 +5.44816e-02
+7.15303e+03 +1.22584e-01 +1.68972e-01 +1.51842e-01 +6.01729e-02
+7.15316e+03 +1.21632e-01 +2.17433e-01 +1.51623e-01 +5.75701e-02
+7.15329e+03 +1.20888e-01 +2.73319e-01 +1.11615e-01 +6.13097e-02
+7.15342e+03 +1.17078e-01 +3.22373e-01 +1.04729e-01 +6.77053e-02
+7.15355e+03 +1.15494e-01 +3.90290e-01 +9.47536e-02 +5.93023e-02
+7.15368e+03 +1.15362e-01 +4.33812e-01 +7.32325e-02 +6.25539e-02
+7.15381e+03 +1.12534e-01 +4.74893e-01 +5.69156e-02 +7.36651e-02
+7.15394e+03 +1.12113e-01 +4.92991e-01 +5.20364e-02 +6.59670e-02
+7.15407e+03 +1.13359e-01 +4.97808e-01 +4.20622e-02 +5.50711e-02
+7.15420e+03 +1.11786e-01 +4.75198e-01 +3.79422e-02 +5.72927e-02
+7.15433e+03 +1.09475e-01 +4.39797e-01 +3.60445e-02 +6.34709e-02
+7.15446e+03 +1.09649e-01 +3.89601e-01 +3.94045e-02 +4.68301e-02
+7.15459e+03 +1.09089e-01 +3.42820e-01 +2.89432e-02 +4.44988e-02
+7.15472e+03 +1.07863e-01 +2.79780e-01 +3.57178e-02 +4.29806e-02
+7.15485e+03 +1.05154e-01 +2.27095e-01 +3.90776e-02 +3.85898e-02
+7.15498e+03 +1.02897e-01 +1.85738e-01 +4.94831e-02 +3.89145e-02
+7.15511e+03 +1.03035e-01 +1.48447e-01 +5.75037e-02 +3.90223e-02
+7.15524e+03 +9.98534e-02 +1.27688e-01 +6.70415e-02 +4.08102e-02
+7.15537e+03 +9.86728e-02 +1.02864e-01 +6.79076e-02 +5.30579e-02
+7.15550e+03 +9.76881e-02 +9.46790e-02 +7.19171e-02 +4.68247e-02
+7.15562e+03 +9.65645e-02 +7.97742e-02 +7.46257e-02 +4.57401e-02
+7.15575e+03 +9.59827e-02 +6.96388e-02 +8.25911e-02 +5.39768e-02
+7.15588e+03 +9.27832e-02 +5.65231e-02 +9.05562e-02 +6.21591e-02
+7.15601e+03 +9.49031e-02 +5.63055e-02 +1.01122e-01 +5.91234e-02
+7.15614e+03 +9.21909e-02 +6.03690e-02 +1.24260e-01 +5.95561e-02
+7.15627e+03 +9.18897e-02 +5.34859e-02 +1.48807e-01 +7.21815e-02
+7.15640e+03 +8.95588e-02 +6.10174e-02 +1.62406e-01 +5.80912e-02
+7.15653e+03 +9.38782e-02 +5.74400e-02 +1.83483e-01 +7.04995e-02
+7.15666e+03 +9.16407e-02 +6.00943e-02 +1.94697e-01 +7.87350e-02
+7.15679e+03 +9.00577e-02 +6.16648e-02 +1.93610e-01 +7.78667e-02
+7.15692e+03 +8.98142e-02 +6.02550e-02 +1.95124e-01 +7.19592e-02
+7.15705e+03 +9.06150e-02 +6.34510e-02 +1.75290e-01 +5.42395e-02
+7.15718e+03 +9.07922e-02 +5.08251e-02 +1.64938e-01 +7.39077e-02
+7.15731e+03 +8.93267e-02 +5.61884e-02 +1.47813e-01 +6.29614e-02
+7.15744e+03 +9.08382e-02 +6.01971e-02 +1.28359e-01 +7.01125e-02
+7.15757e+03 +8.77402e-02 +5.53739e-02 +9.54144e-02 +6.77274e-02
+7.15770e+03 +8.89435e-02 +4.15027e-02 +8.92904e-02 +7.17358e-02
+7.15783e+03 +8.92524e-02 +3.89014e-02 +9.48696e-02 +8.72302e-02
+7.15796e+03 +8.81071e-02 +4.44813e-02 +8.50074e-02 +7.47133e-02
+7.15809e+03 +8.88191e-02 +3.77082e-02 +8.88527e-02 +8.13761e-02
+7.15822e+03 +8.85116e-02 +4.57801e-02 +8.80386e-02 +7.83950e-02
+7.15834e+03 +8.66203e-02 +6.11655e-02 +7.85021e-02 +7.44388e-02
+7.15847e+03 +8.48518e-02 +5.62345e-02 +1.06726e-01 +6.51736e-02
+7.15860e+03 +8.73232e-02 +5.06536e-02 +1.10029e-01 +8.15333e-02
+7.15873e+03 +8.43270e-02 +5.75871e-02 +1.17341e-01 +7.54103e-02
+7.15886e+03 +8.47812e-02 +6.69039e-02 +1.08292e-01 +7.66551e-02
+7.15899e+03 +8.57568e-02 +6.20815e-02 +1.09645e-01 +7.86040e-02
+7.15912e+03 +8.21103e-02 +6.01844e-02 +1.03413e-01 +7.23188e-02
+7.15925e+03 +8.27796e-02 +4.64241e-02 +1.03357e-01 +8.25559e-02
+7.15938e+03 +8.24699e-02 +5.80698e-02 +9.20342e-02 +8.20128e-02
+7.15951e+03 +8.01910e-02 +3.75931e-02 +6.87401e-02 +7.23152e-02
+7.15964e+03 +8.02565e-02 +3.58591e-02 +6.04513e-02 +8.70477e-02
+7.15977e+03 +7.79168e-02 +3.47210e-02 +4.92377e-02 +8.22795e-02
+7.15990e+03 +7.65762e-02 +2.62705e-02 +3.82953e-02 +9.39780e-02
+7.16003e+03 +7.64674e-02 +2.22077e-02 +3.56406e-02 +8.69891e-02
+7.16016e+03 +7.51882e-02 +2.81653e-02 +3.47734e-02 +9.53289e-02
+7.16029e+03 +7.48290e-02 +3.93225e-02 +3.74268e-02 +1.16505e-01
+7.16042e+03 +7.15608e-02 +5.10209e-02 +3.53680e-02 +1.04804e-01
+7.16055e+03 +7.00742e-02 +4.33832e-02 +2.95721e-02 +9.20743e-02
+7.16068e+03 +6.91373e-02 +4.39783e-02 +3.01673e-02 +8.91480e-02
+7.16081e+03 +6.92465e-02 +5.91421e-02 +3.26582e-02 +8.01019e-02
+7.16093e+03 +6.82452e-02 +7.18684e-02 +4.10522e-02 +7.72842e-02
+7.16106e+03 +6.77119e-02 +6.72096e-02 +4.08348e-02 +6.96466e-02
+7.16119e+03 +6.78968e-02 +7.71732e-02 +5.09614e-02 +7.65233e-02
+7.16132e+03 +6.68026e-02 +7.17563e-02 +5.50222e-02 +5.85423e-02
+7.16145e+03 +6.61406e-02 +7.23507e-02 +6.12490e-02 +6.48774e-02
+7.16158e+03 +6.50017e-02 +5.92442e-02 +4.83052e-02 +4.98215e-02
+7.16171e+03 +6.40657e-02 +6.18425e-02 +5.44777e-02 +5.43694e-02
+7.16184e+03 +6.44512e-02 +5.78342e-02 +5.95670e-02 +4.71121e-02
+7.16197e+03 +6.47187e-02 +4.98729e-02 +5.95118e-02 +5.22556e-02
+7.16210e+03 +6.42833e-02 +4.02334e-02 +6.56297e-02 +5.49080e-02
+7.16223e+03 +6.39358e-02 +2.80491e-02 +6.90940e-02 +6.69822e-02
+7.16236e+03 +6.32916e-02 +3.03770e-02 +8.11678e-02 +7.35329e-02
+7.16249e+03 +6.13217e-02 +3.70365e-02 +7.15823e-02 +6.70339e-02
+7.16262e+03 +6.25231e-02 +4.38582e-02 +6.83864e-02 +5.88567e-02
+7.16275e+03 +6.31756e-02 +4.47779e-02 +5.65815e-02 +7.20670e-02
+7.16288e+03 +6.13554e-02 +4.58600e-02 +5.66887e-02 +5.85296e-02
+7.16301e+03 +6.12120e-02 +4.39641e-02 +6.23186e-02 +6.38887e-02
+7.16314e+03 +5.90603e-02 +4.27722e-02 +4.53710e-02 +6.92476e-02
+7.16327e+03 +5.78848e-02 +4.43956e-02 +4.60198e-02 +6.99501e-02
+7.16340e+03 +5.90506e-02 +3.56241e-02 +4.21209e-02 +5.52228e-02
+7.16352e+03 +5.76249e-02 +3.28082e-02 +5.11613e-02 +5.98236e-02
+7.16365e+03 +5.74931e-02 +4.18486e-02 +5.67366e-02 +5.43004e-02
+7.16378e+03 +5.75032e-02 +3.62176e-02 +5.64648e-02 +6.75088e-02
+7.16391e+03 +5.85351e-02 +2.80965e-02 +6.03074e-02 +5.72758e-02
+7.16404e+03 +5.71735e-02 +3.42133e-02 +5.66251e-02 +4.47154e-02
+7.16417e+03 +5.79358e-02 +3.75148e-02 +4.82333e-02 +3.22096e-02
+7.16430e+03 +5.80909e-02 +3.69727e-02 +3.75141e-02 +4.44972e-02
+7.16443e+03 +5.68362e-02 +3.58894e-02 +2.97184e-02 +2.69576e-02
+7.16456e+03 +5.65413e-02 +3.40482e-02 +3.36152e-02 +3.74044e-02
+7.16469e+03 +5.72304e-02 +2.30593e-02 +2.98255e-02 +4.03266e-02
+7.16482e+03 +5.57848e-02 +2.45203e-02 +3.29644e-02 +4.47103e-02
+7.16495e+03 +5.67718e-02 +1.94318e-02 +5.02846e-02 +4.34645e-02
+7.16508e+03 +5.61486e-02 +2.72798e-02 +5.52632e-02 +5.38018e-02
+7.16521e+03 +5.41693e-02 +1.94311e-02 +5.40173e-02 +3.86456e-02
+7.16534e+03 +5.60784e-02 +2.94437e-02 +6.75473e-02 +4.44903e-02
+7.16547e+03 +5.46697e-02 +2.15952e-02 +8.18346e-02 +4.69791e-02
+7.16560e+03 +5.61691e-02 +1.50460e-02 +7.35523e-02 +4.52463e-02
+7.16573e+03 +5.45952e-02 +8.87589e-03 +8.21020e-02 +3.69107e-02
+7.16586e+03 +5.24661e-02 +1.22312e-02 +8.50228e-02 +3.27968e-02
+7.16598e+03 +5.29920e-02 +2.22430e-02 +8.23693e-02 +2.80337e-02
+7.16611e+03 +5.28760e-02 +3.44191e-02 +8.87536e-02 +2.45155e-02
+7.16624e+03 +5.07557e-02 +3.20914e-02 +7.96061e-02 +2.12139e-02
+7.16637e+03 +5.19715e-02 +4.39421e-02 +7.49505e-02 +2.58674e-02
+7.16650e+03 +4.98268e-02 +4.26425e-02 +6.31520e-02 +8.17134e-03
+7.16663e+03 +4.91287e-02 +5.14080e-02 +6.30425e-02 +2.20243e-02
+7.16676e+03 +4.92519e-02 +5.87663e-02 +4.28031e-02 +1.88853e-02
+7.16689e+03 +4.87189e-02 +4.57783e-02 +3.16552e-02 +2.83544e-02
+7.16702e+03 +4.96594e-02 +4.54528e-02 +2.56483e-02 +1.89386e-02
+7.16715e+03 +4.96969e-02 +5.11333e-02 +2.74334e-02 +2.52149e-02
+7.16728e+03 +4.68329e-02 +5.10781e-02 +2.81904e-02 +2.68377e-02
+7.16741e+03 +4.74775e-02 +4.10673e-02 +2.44564e-02 +6.06000e-03
+7.16754e+03 +4.73405e-02 +5.17794e-02 +1.51497e-02 +2.16424e-02
+7.16767e+03 +4.94253e-02 +3.82521e-02 +3.33286e-02 +1.00635e-02
+7.16780e+03 +4.69439e-02 +4.20386e-02 +2.23448e-02 +1.16864e-02
+7.16793e+03 +4.76963e-02 +3.11631e-02 +3.29485e-02 +1.74751e-02
+7.16806e+03 +4.69367e-02 +4.25779e-02 +3.77628e-02 +1.17941e-02
+7.16819e+03 +4.69239e-02 +3.46783e-02 +3.48406e-02 +1.57973e-02
+7.16832e+03 +4.78332e-02 +3.95465e-02 +4.17646e-02 +2.81857e-02
+7.16845e+03 +4.65194e-02 +5.28538e-02 +3.57047e-02 +9.25077e-03
+7.16857e+03 +4.57265e-02 +5.64231e-02 +3.05107e-02 +1.57963e-02
+7.16870e+03 +4.68897e-02 +8.55796e-02 +4.05719e-02 +2.12597e-02
+7.16883e+03 +4.48042e-02 +1.01752e-01 +3.57566e-02 +7.78963e-03
+7.16896e+03 +4.51351e-02 +1.20196e-01 +3.41871e-02 +1.56330e-02
+7.16909e+03 +4.29769e-02 +1.19057e-01 +2.49366e-02 +1.35772e-02
+7.16922e+03 +4.11134e-02 +1.44045e-01 +2.33133e-02 +2.19610e-02
+7.16935e+03 +4.29366e-02 +1.60539e-01 +3.03445e-02 +2.95332e-02
+7.16948e+03 +4.25678e-02 +1.65241e-01 +2.44482e-02 +2.58545e-02
+7.16961e+03 +4.37256e-02 +1.69998e-01 +1.62804e-02 +2.64489e-02
+7.16974e+03 +4.37921e-02 +1.72374e-01 +3.50481e-02 +3.45613e-02
+7.16987e+03 +4.18199e-02 +1.57010e-01 +3.59127e-02 +3.86169e-02
+7.17000e+03 +4.42607e-02 +1.62793e-01 +3.30995e-02 +3.91569e-02
+7.17013e+03 +4.14353e-02 +1.32179e-01 +1.40075e-02 +3.22335e-02
+7.17026e+03 +3.92444e-02 +1.22928e-01 +1.15735e-02 +3.03399e-02
+7.17039e+03 +4.12503e-02 +1.06214e-01 +3.40167e-02 +2.66077e-02
+7.17052e+03 +3.98625e-02 +9.86950e-02 +2.22807e-02 +1.36280e-02
+7.17065e+03 +3.90252e-02 +7.50065e-02 +1.43307e-02 +1.64939e-02
+7.17078e+03 +3.77135e-02 +5.92684e-02 +2.04952e-02 +8.43602e-03
+7.17091e+03 +3.75890e-02 +3.06069e-02 +2.70379e-03 +1.13559e-02
+7.17104e+03 +3.59195e-02 +3.94204e-02 +1.21668e-02 +9.89566e-03
+7.17116e+03 +3.66484e-02 +3.02811e-02 +2.26568e-02 +7.62435e-03
+7.17129e+03 +3.88100e-02 +2.28725e-02 +8.00269e-03 +2.35755e-02
+7.17142e+03 +3.68064e-02 +3.33077e-02 +1.10305e-02 +1.38962e-02
+7.17155e+03 +3.68924e-02 +2.11413e-02 +1.10302e-02 +1.02733e-02
+7.17168e+03 +3.79195e-02 +2.00594e-02 +2.48715e-02 +1.64368e-02
+7.17181e+03 +3.54507e-02 +2.73040e-02 +1.29762e-02 +1.77882e-02
+7.17194e+03 +3.56339e-02 +4.34151e-02 +1.44356e-02 +1.83284e-02
+7.17207e+03 +3.55468e-02 +3.24930e-02 +1.09752e-02 +9.19103e-03
+7.17220e+03 +3.47569e-02 +2.50315e-02 +1.17859e-02 +8.10955e-03
+7.17233e+03 +3.51958e-02 +2.76259e-02 +2.16790e-02 +1.74081e-02
+7.17246e+03 +3.68406e-02 +3.93565e-02 +1.55696e-02 +2.61656e-02
+7.17259e+03 +3.40449e-02 +1.81101e-02 +1.70829e-02 +1.68126e-02
+7.17272e+03 +3.28076e-02 +1.90827e-02 +1.37309e-02 +1.69744e-02
+7.17285e+03 +3.45225e-02 +2.95694e-02 +2.50826e-02 +2.84883e-02
+7.17298e+03 +3.51706e-02 +3.33526e-02 +1.71358e-02 +3.64879e-02
+7.17311e+03 +3.22309e-02 +3.00005e-02 +1.23245e-02 +2.92978e-02
+7.17324e+03 +3.00944e-02 +3.91889e-02 +9.40533e-03 +4.26483e-02
+7.17337e+03 +3.26323e-02 +4.49716e-02 +1.17834e-02 +3.58908e-02
+7.17350e+03 +3.42240e-02 +5.56186e-02 +2.53500e-02 +3.15118e-02
+7.17363e+03 +3.12028e-02 +4.32939e-02 +1.25936e-02 +2.61601e-02
+7.17376e+03 +3.14097e-02 +5.01030e-02 +1.50795e-02 +2.71324e-02
+7.17388e+03 +3.06796e-02 +5.71280e-02 +9.72851e-03 +3.20500e-02
+7.17401e+03 +3.10036e-02 +6.03153e-02 +1.12416e-02 +2.61042e-02
+7.17414e+03 +3.00443e-02 +6.28540e-02 +8.91738e-03 +2.59955e-02
+7.17427e+03 +2.90389e-02 +6.03125e-02 +8.53886e-03 +8.75503e-03
+7.17440e+03 +2.99411e-02 +5.90680e-02 +1.16731e-02 +2.15088e-02
+7.17453e+03 +2.94454e-02 +5.07984e-02 +9.40310e-03 +1.01056e-02
+7.17466e+03 +2.96991e-02 +4.40422e-02 +2.30749e-02 +5.24183e-03
+7.17479e+03 +2.80757e-02 +5.16605e-02 +2.12370e-02 +5.51190e-03
+7.17492e+03 +2.79901e-02 +4.15544e-02 +8.69995e-03 +2.25334e-02
+7.17505e+03 +2.92603e-02 +4.97128e-02 +7.45692e-03 +1.88584e-02
+7.17518e+03 +2.78655e-02 +4.45783e-02 +1.92902e-02 +1.26981e-02
+7.17531e+03 +2.82169e-02 +4.63603e-02 +1.86414e-02 +1.86414e-02
+7.17544e+03 +2.61822e-02 +3.23650e-02 +1.47506e-02 +1.56152e-02
+7.17557e+03 +2.74932e-02 +3.38770e-02 +1.64793e-02 +1.58309e-02
+7.17570e+03 +2.77589e-02 +3.67397e-02 +1.79917e-02 +1.84779e-02
+7.17583e+03 +2.63785e-02 +2.98773e-02 +7.07763e-03 +2.95531e-02
+7.17596e+03 +2.60568e-02 +4.04117e-02 +1.58838e-02 +2.52843e-02
+7.17609e+03 +2.63528e-02 +2.06916e-02 +5.56458e-03 +3.75474e-02
+7.17622e+03 +2.81483e-02 +4.12201e-02 +8.26562e-03 +2.43647e-02
+7.17635e+03 +2.46784e-02 +3.32778e-02 -6.32061e-03 +2.45261e-02
+7.17647e+03 +2.58006e-02 +3.40332e-02 +4.86189e-03 +2.84691e-02
+7.17660e+03 +2.30893e-02 +4.31617e-02 +1.33969e-02 +1.53416e-02
+7.17673e+03 +2.38654e-02 +5.69353e-02 +7.61658e-03 +2.24176e-02
+7.17686e+03 +2.39852e-02 +5.04518e-02 -3.94324e-03 +1.93381e-02
+7.17699e+03 +2.39469e-02 +4.29964e-02 +5.34754e-03 +1.62047e-03
+7.17712e+03 +2.31907e-02 +5.74711e-02 +4.32114e-03 +1.77707e-02
+7.17725e+03 +2.27373e-02 +6.34111e-02 +3.61886e-03 +1.01004e-02
+7.17738e+03 +2.51498e-02 +6.21672e-02 +1.36109e-02 +1.04782e-02
+7.17751e+03 +2.14888e-02 +5.76288e-02 +3.99675e-03 +1.80394e-02
+7.17764e+03 +2.38815e-02 +5.40087e-02 +4.96880e-03 +1.40423e-02
+7.17777e+03 +2.48408e-02 +4.66624e-02 +8.04710e-03 +1.24757e-02
+7.17790e+03 +2.32143e-02 +4.15846e-02 +3.88843e-03 +1.77140e-02
+7.17803e+03 +2.19179e-02 +3.35369e-02 +1.89016e-02 +2.25739e-02
+7.17816e+03 +2.12314e-02 +3.69922e-02 +2.59215e-03 +4.64428e-03
+7.17829e+03 +2.02904e-02 +4.25534e-02 +1.58765e-02 +8.53229e-03
+7.17842e+03 +2.08672e-02 +5.84285e-02 +6.53405e-03 +1.98722e-02
+7.17855e+03 +1.91125e-02 +4.25512e-02 +9.93582e-03 +8.85584e-03
+7.17868e+03 +2.11384e-02 +6.13413e-02 +9.88156e-03 +1.95471e-02
+7.17881e+03 +1.99736e-02 +4.55728e-02 +2.18685e-02 +2.22464e-02
+7.17894e+03 +1.93865e-02 +4.40058e-02 +1.85202e-02 +1.34447e-02
+7.17906e+03 +1.81239e-02 +4.58944e-02 +2.09494e-02 +9.17888e-03
+7.17919e+03 +1.78893e-02 +5.06445e-02 +2.27846e-02 +1.70075e-02
+7.17932e+03 +2.05770e-02 +5.36126e-02 +1.21479e-02 +1.79789e-02
+7.17945e+03 +1.78081e-02 +3.79544e-02 +5.72285e-03 +1.00420e-02
+7.17958e+03 +1.69504e-02 +2.93693e-02 +9.60981e-03 +3.94110e-03
+7.17971e+03 +1.61107e-02 +5.78733e-02 +1.84633e-02 +4.64282e-03
+7.17984e+03 +1.74975e-02 +5.20414e-02 +9.50133e-03 +2.05142e-03
+7.17997e+03 +1.81877e-02 +5.91658e-02 +1.95420e-02 +8.04353e-03
+7.18010e+03 +1.89020e-02 +6.67757e-02 +5.72209e-03 +1.61946e-02
+7.18023e+03 +1.52178e-02 +5.93246e-02 +6.09980e-03 +6.20776e-03
+7.18036e+03 +1.62186e-02 +5.51126e-02 +5.12801e-03 +7.88095e-03
+7.18049e+03 +1.34423e-02 +5.61907e-02 +1.19830e-02 +1.27927e-02
+7.18062e+03 +1.41830e-02 +4.48542e-02 +1.56531e-03 +1.87297e-02
+7.18075e+03 +1.64565e-02 +4.86852e-02 +9.44558e-03 +1.70020e-02
+7.18088e+03 +1.48435e-02 +3.58383e-02 +3.40032e-03 +7.71818e-03
+7.18101e+03 +1.44776e-02 +2.26142e-02 +1.15500e-02 +4.85746e-03
+7.18114e+03 +1.37072e-02 +3.05472e-02 +2.69852e-03 +6.53041e-03
+7.18127e+03 +1.30898e-02 +6.74611e-03 +7.87946e-03 +9.98424e-03
+7.18140e+03 +1.46849e-02 +1.74854e-02 +8.25701e-03 +1.09014e-02
+7.18152e+03 +1.25146e-02 +8.90438e-03 +2.27197e-02 +1.52724e-02
+7.18165e+03 +1.46280e-02 +2.34206e-02 -4.10130e-03 +2.47697e-02
+7.18178e+03 +1.30781e-02 +1.73221e-02 -5.28837e-03 +6.36763e-03
+7.18191e+03 +1.32467e-02 +2.06133e-02 +5.34219e-03 +5.45011e-03
+7.18204e+03 +1.24038e-02 +1.36519e-02 -2.05048e-03 +6.31332e-03
+7.18217e+03 +1.27918e-02 +5.18002e-03 +2.69792e-03 +3.72314e-03
+7.18230e+03 +1.22617e-02 +6.31297e-03 +2.32015e-03 +1.72662e-03
+7.18243e+03 +1.30866e-02 +2.17980e-02 +3.29129e-03 +9.87386e-03
+7.18256e+03 +1.28386e-02 +2.37937e-02 +5.61122e-03 +8.20101e-03
+7.18269e+03 +1.31544e-02 +5.01758e-03 -2.58972e-03 +1.32184e-02
+7.18282e+03 +1.19312e-02 +3.23706e-03 +4.90954e-03 +1.78038e-02
+7.18295e+03 +1.25810e-02 +1.24623e-02 +1.10596e-02 +5.01730e-03
+7.18308e+03 +1.29258e-02 +1.87739e-02 +5.12506e-03 +3.18293e-03
+7.18321e+03 +1.31181e-02 +1.72089e-02 +9.60247e-03 +1.78023e-02
+7.18334e+03 +1.21794e-02 +1.12205e-02 +1.95281e-02 +1.22994e-02
+7.18347e+03 +1.25297e-02 +1.19215e-02 +5.01674e-03 +2.66480e-02
+7.18360e+03 +1.09129e-02 +1.66141e-02 +1.99045e-02 +4.85477e-03
+7.18373e+03 +1.26635e-02 +1.17051e-02 +1.88252e-02 +1.13275e-02
+7.18386e+03 +1.22221e-02 +1.39162e-02 +1.27835e-02 -2.15755e-03
+7.18399e+03 +1.06481e-02 +1.17044e-02 +1.70981e-02 +1.21898e-02
+7.18411e+03 +1.16059e-02 +1.17040e-02 +1.35379e-02 +1.00860e-02
+7.18424e+03 +1.01534e-02 +1.19195e-02 +1.05172e-02 +1.48319e-02
+7.18437e+03 +1.11008e-02 +1.57483e-02 +8.84495e-03 +1.63416e-02
+7.18450e+03 +1.09505e-02 +1.02469e-02 +6.04028e-03 +6.90318e-03
+7.18463e+03 +1.13926e-02 +1.46688e-02 +1.20263e-02 +8.41300e-03
+7.18476e+03 +7.47813e-03 +1.48302e-02 -4.31424e-04 +3.23568e-04
+7.18489e+03 +3.39095e-03 +1.66093e-02 -1.06235e-02 -1.31580e-02
+7.18502e+03 +9.58395e-03 +1.47215e-02 -2.91194e-03 +1.10546e-02
+7.18515e+03 +8.96016e-03 +1.97359e-02 +8.84341e-03 +4.63740e-03
+7.18528e+03 +9.30397e-03 +2.02206e-02 +1.19167e-02 +9.54414e-03
+7.18541e+03 +1.02994e-02 +1.97887e-02 +1.86564e-02 +6.30865e-03
+7.18554e+03 +8.02712e-03 +1.80627e-02 +1.19699e-02 +2.64201e-03
+7.18567e+03 +1.06716e-02 +2.98700e-02 +8.24929e-03 +2.03267e-02
+7.18580e+03 +9.39621e-03 +2.30219e-02 +8.24905e-03 +9.43519e-03
+7.18593e+03 +9.08787e-03 +1.31010e-02 +1.21845e-02 +5.98443e-03
+7.18606e+03 +9.82948e-03 +1.56345e-02 -2.21040e-03 +2.21579e-02
+7.18619e+03 +9.15272e-03 +1.26151e-02 +1.28307e-02 +5.87625e-03
+7.18632e+03 +8.14856e-03 +1.67657e-02 +3.28845e-03 +1.13209e-03
+7.18645e+03 +9.15660e-03 +1.12666e-02 +1.62261e-02 -8.62518e-04
+7.18658e+03 +9.24764e-03 +9.54132e-03 +7.00775e-03 +7.60071e-03
+7.18670e+03 +8.00897e-03 +6.30679e-03 +2.91083e-03 +8.46295e-03
+7.18683e+03 +1.00051e-02 +1.13195e-02 +1.06727e-02 +1.30444e-02
+7.18696e+03 +9.01817e-03 +1.32057e-02 +5.87520e-03 +2.74895e-03
+7.18709e+03 +8.06636e-03 +1.09955e-02 +5.71333e-03 -3.77295e-03
+7.18722e+03 +4.26918e-03 +4.63520e-03 +8.51584e-03 +8.51584e-03
+7.18735e+03 +8.12149e-03 +1.57915e-02 -2.20974e-03 +1.11565e-02
+7.18748e+03 +9.19957e-03 +2.06416e-02 +7.76080e-03 +7.81469e-03
+7.18761e+03 +7.58299e-03 +2.02637e-02 +4.41921e-03 +7.11385e-03
+7.18774e+03 +7.58217e-03 +1.96164e-02 -3.66460e-03 +3.98795e-03
+7.18787e+03 +9.40933e-03 +1.80530e-02 +2.42503e-03 +1.33646e-02
+7.18800e+03 +7.41783e-03 +2.38723e-02 -3.44883e-03 -4.79602e-03
+7.18813e+03 +8.36708e-03 +1.84291e-02 -4.31090e-04 -3.66427e-03
+7.18826e+03 +8.32905e-03 +2.43020e-02 +1.84824e-02 +9.86088e-03
+7.18839e+03 +9.44105e-03 +1.12615e-02 +9.64505e-03 +5.11888e-03
+7.18852e+03 +7.67135e-03 +1.79425e-02 +9.42923e-03 +1.34164e-02
+7.18865e+03 +6.72860e-03 +1.40626e-02 -1.07759e-04 -5.22632e-03
+7.18878e+03 +7.09250e-03 +6.30372e-03 +7.16577e-03 +5.06453e-03
+7.18891e+03 +8.71309e-03 +1.47621e-02 +1.34152e-02 +8.94347e-03
+7.18904e+03 +7.42366e-03 +2.74761e-03 +8.18895e-03 +3.23248e-03
+7.18917e+03 +7.25313e-03 +1.06668e-02 -3.39400e-03 +5.92603e-04
+7.18930e+03 +7.00742e-03 +1.34678e-03 +2.69356e-03 +7.11101e-03
+7.18942e+03 +6.96141e-03 +6.24888e-03 -6.46435e-04 -6.46435e-03
+7.18955e+03 +8.82254e-03 +6.19481e-03 +7.48764e-03 +2.37019e-03
+7.18968e+03 +6.61090e-03 +6.46395e-03 +8.83407e-03 +7.59514e-03
+7.18981e+03 +7.79932e-03 +7.81036e-03 +8.40287e-03 +1.36277e-02
+7.18994e+03 +6.20963e-03 +3.33950e-03 +4.47062e-03 +7.00217e-03
+7.19007e+03 +5.66372e-03 +1.24958e-02 +8.13304e-03 +9.04868e-03
+7.19020e+03 +5.38412e-03 +5.17051e-03 +3.93174e-03 +6.57086e-03
+7.19033e+03 +6.92773e-03 -2.15431e-03 +7.91709e-03 +6.03207e-03
+7.19046e+03 +6.13017e-03 +1.72339e-03 -1.61568e-03 -5.76260e-03
+7.19059e+03 +5.52443e-03 +1.13094e-03 +6.19325e-03 +4.25449e-03
+7.19072e+03 +5.26517e-03 +6.94699e-03 +1.72328e-02 +5.60068e-03
+7.19085e+03 +6.82771e-03 +9.74702e-03 +1.29781e-02 +1.66938e-03
+7.19098e+03 +5.55094e-03 +8.07738e-03 +8.61587e-03 +9.31591e-03
