E average_spectrum spectra
+7.05850e+03 +1.66042e-03 +9.66234e-03 +8.87891e-03 -1.78231e-02
+7.05863e+03 +1.64095e-03 +3.19912e-03 +1.37105e-02 -5.41892e-03
+7.05876e+03 +1.24145e-03 -1.06423e-02 +5.28851e-03 -5.68025e-03
+7.05889e+03 +9.67296e-04 -1.12956e-02 +8.55330e-03 +1.56702e-03
+7.05902e+03 +1.96161e-03 -4.96238e-03 +6.13768e-03 -7.31297e-03
+7.05915e+03 +1.64802e-03 -4.57075e-03 +8.55384e-03 +8.29265e-03
+7.05928e+03 +4.56919e-04 -3.46082e-03 +9.14180e-04 +1.27332e-02
+7.05941e+03 +1.02196e-03 -2.93853e-03 -4.37514e-03 -2.41612e-03
+7.05954e+03 +1.22831e-03 +1.08402e-02 -4.17937e-03 -9.92601e-03
+7.05967e+03 +2.39554e-03 +1.37140e-03 -9.07736e-03 -1.32569e-02
+7.05980e+03 +7.23026e-04 +1.09062e-02 -7.31436e-03 -6.53068e-03
+7.05992e+03 +1.52848e-03 -8.62077e-03 -1.22781e-02 +5.35532e-03
+7.06005e+03 +1.39992e-03 -1.11028e-03 +1.48256e-02 +1.12988e-02
+7.06018e+03 +2.09957e-03 +5.02909e-03 -1.95939e-03 -2.35126e-03
+7.06031e+03 +1.88549e-03 +8.42563e-03 -5.74772e-03 -7.77248e-03
+7.06044e+03 +9.94345e-04 -6.66233e-03 +6.85828e-03 -2.15546e-03
+7.06057e+03 +1.08000e-03 -6.53190e-04 +9.14466e-04 -1.69829e-03
+7.06070e+03 +1.36680e-03 -9.92880e-03 +5.16036e-03 -8.49173e-03
+7.06083e+03 +9.19078e-04 -6.53230e-03 -5.16052e-03 -3.98471e-03
+7.06096e+03 +2.01714e-03 -5.22600e-04 +1.45022e-02 +3.91950e-04
+7.06109e+03 +5.82182e-04 +6.92467e-03 -5.81411e-03 -1.56785e-03
+7.06122e+03 +7.16415e-04 -1.56790e-03 -5.42231e-03 -7.64350e-03
+7.06135e+03 +2.03456e-03 +5.16116e-03 -1.23476e-02 +5.16116e-03
+7.06148e+03 +1.09079e-03 +5.48798e-03 -5.22665e-04 -6.53331e-03
+7.06161e+03 -1.71957e-04 -8.88557e-03 -1.10416e-02 -1.20870e-02
+7.06174e+03 +2.67099e-03 +9.34320e-03 +3.33219e-03 +4.31225e-03
+7.06187e+03 +6.95569e-04 -8.29806e-03 +2.09085e-03 +5.55382e-03
+7.06200e+03 -1.61629e-04 -3.78978e-03 -3.92046e-03 -1.92103e-02
+7.06213e+03 +8.37897e-05 -1.43755e-03 -1.30686e-03 -1.96029e-04
+7.06226e+03 -5.22539e-03 +9.86709e-03 -4.18208e-03 -1.15661e-02
+7.06239e+03 -1.11527e-04 +2.61388e-04 -1.96041e-03 -1.29387e-02
+7.06251e+03 +3.75851e-04 -2.35256e-03 +5.68536e-03 -3.98628e-03
+7.06264e+03 -5.23745e-04 -1.47693e-02 +5.55483e-03 -2.01934e-02
+7.06277e+03 +1.54635e-03 +1.05872e-02 +7.71164e-03 +5.03217e-03
+7.06290e+03 +4.56752e-04 -1.33324e-02 +1.01953e-02 -6.07800e-03
+7.06303e+03 -1.55184e-04 +1.69928e-03 +9.01923e-03 +1.26139e-02
+7.06316e+03 +2.09396e-04 -3.79080e-03 -1.70586e-02 +7.45089e-03
+7.06329e+03 +8.56659e-04 +1.00002e-02 +3.39875e-03 +7.64720e-03
+7.06342e+03 +6.01414e-04 +6.92843e-03 +1.40530e-02 -4.31393e-03
+7.06355e+03 +7.67067e-04 -9.67395e-03 -8.30129e-03 -3.07213e-03
+7.06368e+03 +8.48789e-04 -1.43153e-02 -3.66052e-03 +1.63416e-03
+7.06381e+03 +4.17953e-05 -1.20931e-02 +6.14463e-03 -9.41305e-03
+7.06394e+03 -6.70012e-04 -5.36036e-03 -2.61481e-03 -1.66041e-02
+7.06407e+03 -2.25286e-04 -1.37282e-03 +9.47897e-03 -8.49839e-04
+7.06420e+03 -2.01376e-04 -1.04599e-02 -3.85707e-03 -1.11136e-03
+7.06433e+03 +4.60143e-04 -2.87655e-03 -7.32212e-03 -2.09203e-03
+7.06446e+03 +6.32617e-04 -1.22257e-02 +1.52331e-02 +7.19157e-04
+7.06459e+03 -6.84139e-03 -2.40598e-02 -2.33406e-02 -9.74160e-03
+7.06472e+03 -1.03599e-03 -1.83069e-03 -2.94218e-03 +1.24225e-03
+7.06485e+03 -2.34103e-04 +8.89217e-03 +5.55761e-03 +4.44609e-03
+7.06498e+03 -2.32775e-03 -5.36161e-03 +2.09234e-03 -1.18348e-02
+7.06510e+03 -2.57221e-04 -8.43498e-03 +6.34258e-03 -1.96162e-03
+7.06523e+03 +4.88926e-06 +3.92336e-03 -1.46472e-02 +4.18491e-03
+7.06536e+03 -8.18030e-04 -8.37007e-03 +5.55825e-03 +5.55825e-03
+7.06549e+03 -6.15729e-04 +2.15797e-03 -3.20426e-03 -1.56943e-03
+7.06562e+03 +8.49171e-04 -5.23159e-04 -7.84739e-04 +1.76566e-03
+7.06575e+03 -6.65674e-05 -5.75492e-03 -1.02019e-02 -8.95936e-03
+7.06588e+03 +7.39713e-05 -7.65164e-03 -2.61595e-04 -1.17718e-03
+7.06601e+03 -5.58398e-05 +7.78266e-03 +9.87548e-03 -1.04641e-03
+7.06614e+03 +8.45243e-05 +9.81035e-04 +3.59713e-03 -2.28908e-03
+7.06627e+03 +2.81215e-04 -4.97072e-03 +1.70051e-03 -6.54042e-04
+7.06640e+03 +5.10150e-05 -1.28196e-02 +1.44547e-02 -3.92436e-03
+7.06653e+03 +1.08582e-04 +4.05529e-03 -7.19487e-03 -3.53203e-03
+7.06666e+03 +5.07813e-04 -4.38245e-03 +8.83031e-03 -8.69949e-03
+7.06679e+03 +4.88885e-04 +9.35385e-03 +4.31716e-03 +6.80280e-03
+7.06692e+03 +1.60699e-03 +9.48494e-03 +1.24285e-03 -3.72856e-03
+7.06705e+03 -1.18648e-03 +3.59784e-03 +6.54152e-04 -1.96246e-04
+7.06718e+03 +2.00557e-04 -2.48585e-03 +6.28004e-03 -8.30796e-03
+7.06731e+03 +3.66311e-04 -1.30838e-04 +1.47192e-02 -3.46720e-03
+7.06744e+03 +4.25509e-04 -1.63552e-03 +6.41123e-03 -3.07477e-03
+7.06756e+03 -1.65014e-04 +5.10295e-03 +7.19647e-04 +5.88802e-04
+7.06769e+03 -6.04580e-04 -1.10567e-02 +3.46749e-03 +4.57970e-03
+7.06782e+03 -2.32889e-04 -3.14045e-03 +1.28235e-02 -1.11224e-03
+7.06795e+03 +3.80587e-04 -6.41193e-03 +1.04685e-02 -4.57995e-04
+7.06808e+03 +1.13607e-03 -3.46777e-03 -3.27148e-03 +1.14502e-02
+7.06821e+03 +6.36026e-04 -9.81472e-04 -1.57036e-03 +3.46787e-03
+7.06834e+03 -1.07292e-03 -6.08529e-03 -1.63583e-03 -2.94450e-03
+7.06847e+03 +6.47786e-04 -9.42264e-03 -2.48653e-03 -7.06698e-03
+7.06860e+03 -2.32927e-04 +1.85841e-02 +2.61747e-04 -1.21058e-02
+7.06873e+03 -7.73061e-04 -3.20649e-03 +5.16965e-03 -7.19824e-03
+7.06886e+03 -2.05900e-04 -1.55748e-02 +4.58082e-04 +1.38079e-02
+7.06899e+03 +8.19375e-04 -2.35592e-03 +2.09415e-03 +1.14524e-02
+7.06912e+03 +1.44574e-03 -2.81409e-03 -8.50770e-04 +4.58107e-03
+7.06925e+03 +1.46231e-04 +3.79585e-03 -2.42149e-03 +9.35873e-03
+7.06938e+03 +4.61461e-03 -6.54474e-05 +6.28295e-03 +8.31182e-03
+7.06951e+03 +2.82148e-03 -1.37443e-03 +4.97413e-03 -5.89042e-04
+7.06964e+03 +2.73148e-03 +2.81439e-03 +1.08648e-02 +3.79615e-03
+7.06977e+03 +1.98863e-03 +3.73080e-03 -4.77804e-03 +5.23621e-03
+7.06990e+03 +5.64374e-04 +6.54544e-04 -1.57090e-03 -2.48727e-03
+7.07003e+03 +4.78160e-04 -1.59058e-02 -6.34924e-03 -5.89105e-04
+7.07015e+03 +1.81034e-03 -3.79655e-03 +1.76736e-03 +4.25476e-03
+7.07028e+03 +1.83915e-03 +1.30919e-04 +1.02771e-02 +4.84401e-03
+7.07041e+03 +3.12146e-04 +7.65897e-03 +6.67705e-03 +3.53491e-03
+7.07054e+03 +1.57598e-03 +1.52529e-02 +8.77204e-03 +7.07000e-03
+7.07067e+03 -3.32755e-05 +4.45160e-03 -9.16506e-03 +6.21915e-03
+7.07080e+03 +4.24720e-04 -2.94599e-03 +3.92798e-04 -1.04746e-03
+7.07093e+03 +2.45600e-04 +4.12449e-03 -1.36174e-02 +4.25543e-03
+7.07106e+03 +7.10255e-04 -3.33896e-03 -5.23758e-04 +1.45998e-02
+7.07119e+03 +1.12776e-03 -8.24941e-03 -1.53203e-02 +4.77942e-03
+7.07132e+03 +9.91230e-04 +1.30946e-04 -2.42251e-03 -3.99386e-03
+7.07145e+03 +9.35535e-04 +1.68925e-02 -3.60112e-03 +7.07129e-03
+7.07158e+03 +1.43271e-03 -1.97739e-02 +1.23751e-02 +1.64346e-02
+7.07171e+03 +5.49747e-03 +4.45252e-03 +1.04765e-02 +4.38704e-03
+7.07184e+03 +2.92420e-03 +3.01208e-03 -1.11316e-03 +4.91099e-03
+7.07197e+03 +9.92785e-05 +9.69128e-03 -8.25068e-03 +5.89334e-03
+7.07210e+03 +2.37978e-03 +9.23314e-03 +2.16095e-02 +6.15543e-03
+7.07223e+03 +2.13589e-03 +4.32200e-03 +8.31659e-03 +5.23879e-03
+7.07236e+03 +6.21311e-04 +1.29663e-02 +1.99734e-02 +5.36990e-03
+7.07249e+03 +2.07283e-03 +7.92408e-03 -3.01246e-03 +8.51347e-04
+7.07262e+03 +3.93550e-04 +6.28703e-03 -6.87644e-03 +1.50627e-02
+7.07274e+03 +1.30591e-03 +1.96475e-04 +3.53654e-03 +1.10026e-02
+7.07287e+03 +1.75035e-03 +9.88947e-03 +3.20917e-03 -2.35775e-03
+7.07300e+03 +3.73308e-03 +8.90730e-03 +1.27060e-02 -2.75078e-03
+7.07313e+03 +1.19950e-03 +1.25098e-02 -3.07833e-03 -2.88184e-03
+7.07326e+03 +1.67568e-03 -4.84686e-03 -1.04797e-03 -2.42343e-03
+7.07339e+03 +1.26537e-03 +5.56748e-03 -1.76849e-02 -7.85997e-04
+7.07352e+03 +1.50894e-03 +3.40607e-03 +1.11352e-03 -1.70303e-03
+7.07365e+03 +2.10696e-03 -1.04805e-03 +7.92586e-03 +1.66378e-02
+7.07378e+03 +8.38515e-04 +1.65727e-02 +3.27523e-04 +2.09615e-03
+7.07391e+03 +1.75565e-03 +1.06120e-02 +2.48923e-03 -3.34082e-03
+7.07404e+03 +3.34600e-03 +1.57219e-03 +4.97859e-03 +2.94785e-03
+7.07417e+03 +2.22914e-03 -1.44121e-03 +2.81690e-03 +5.30626e-03
+7.07430e+03 +8.36679e-04 +5.63395e-03 +3.86515e-03 +5.69946e-03
+7.07443e+03 +1.82895e-03 +7.33741e-03 +7.20638e-04 -9.17176e-04
+7.07456e+03 +7.05081e-04 +5.83076e-03 +1.75578e-02 +1.33649e-02
+7.07469e+03 +2.07775e-03 +1.50686e-03 +1.37583e-03 -4.84817e-03
+7.07482e+03 +2.41134e-03 -1.00242e-02 +4.06208e-03 +1.08759e-02
+7.07495e+03 +1.89383e-03 +3.01387e-03 +3.66906e-03 +1.66418e-02
+7.07508e+03 +9.78092e-04 -1.42179e-02 -1.18592e-02 +2.09666e-03
+7.07521e+03 +1.10260e-03 +5.30729e-03 +1.04835e-03 +3.27610e-04
+7.07534e+03 +1.86962e-03 +1.90674e-02 +3.73485e-03 +6.48684e-03
+7.07546e+03 +2.37836e-03 +7.86302e-04 +1.68400e-02 +5.24202e-04
+7.07559e+03 +4.00809e-04 +4.45582e-03 -6.09399e-03 +1.07464e-02
+7.07572e+03 +1.61707e-03 -4.91462e-03 -6.02860e-03 +1.53992e-02
+7.07585e+03 +1.73555e-03 -1.70378e-03 +5.43898e-03 -5.89769e-03
+7.07598e+03 +9.86759e-04 +8.06036e-03 +2.09701e-03 +3.99742e-03
+7.07611e+03 +2.45280e-03 +1.70386e-03 -1.34343e-02 -2.55578e-03
+7.07624e+03 +2.77386e-03 +4.78402e-03 +1.63181e-02 +9.69910e-03
+7.07637e+03 +2.85357e-03 +6.55360e-03 -2.88358e-03 +8.65075e-03
+7.07650e+03 +1.97022e-03 -2.42489e-03 -2.35935e-03 -1.21244e-02
+7.07663e+03 +2.07298e-03 +9.56871e-03 -6.55391e-05 -2.62156e-04
+7.07676e+03 +1.41641e-03 +2.09730e-03 +4.52230e-03 -7.99595e-03
+7.07689e+03 +2.36995e-03 -3.67036e-03 +1.58612e-02 +1.82207e-02
+7.07702e+03 +1.70736e-03 +5.50566e-03 -4.58805e-04 -1.90077e-03
+7.07715e+03 +2.19785e-03 -5.24361e-04 +1.65829e-02 +5.89906e-04
+7.07728e+03 +1.86598e-03 +7.86560e-04 -2.42523e-03 +9.30762e-03
+7.07741e+03 +9.00502e-04 -1.02255e-02 +1.04877e-03 +9.17674e-04
+7.07754e+03 +9.25860e-04 +5.24397e-03 -4.45738e-03 +2.22869e-03
+7.07767e+03 +2.13242e-03 +1.39624e-02 +1.53390e-02 -1.31102e-04
+7.07780e+03 +3.62719e-03 +8.39074e-03 +8.91516e-03 +8.52184e-03
+7.07793e+03 +2.31208e-03 +5.24433e-04 +3.67103e-03 -2.68772e-03
+7.07805e+03 +4.42485e-04 -8.06334e-03 -2.21578e-02 +1.83556e-03
+7.07818e+03 +3.22599e-03 -2.75340e-03 -3.01563e-03 +1.39637e-02
+7.07831e+03 +2.29285e-03 +1.37673e-03 -1.83564e-03 -3.86795e-03
+7.07844e+03 +2.02913e-03 -6.94936e-03 +5.44148e-03 +1.31120e-03
+7.07857e+03 +1.53744e-03 +1.01620e-02 -9.89978e-03 -5.11380e-03
+7.07870e+03 +1.75092e-03 +5.37616e-03 +1.31126e-04 +1.18013e-03
+7.07883e+03 +2.31188e-03 -4.85177e-03 +8.45781e-03 -4.98289e-03
+7.07896e+03 +2.45366e-03 -5.31083e-03 +3.14716e-03 +7.14668e-03
+7.07909e+03 +1.19404e-03 +3.47507e-03 +1.18021e-03 +5.63879e-03
+7.07922e+03 +8.31475e-04 +5.31107e-03 +2.81946e-03 +3.08173e-03
+7.07935e+03 -1.12361e-04 +3.34408e-03 -2.62281e-04 +7.67171e-03
+7.07948e+03 +9.63339e-04 +1.04259e-02 +8.52431e-04 +4.26216e-03
+7.07961e+03 +3.86799e-04 +6.29501e-03 -6.49173e-03 +9.44252e-03
+7.07974e+03 +1.17310e-03 +1.03608e-02 +9.18043e-03 +3.21315e-03
+7.07987e+03 +1.54457e-03 -1.18037e-03 +4.65589e-03 -6.36086e-03
+7.08000e+03 +1.96114e-03 +3.41002e-03 -1.50828e-03 +3.80348e-03
+7.08013e+03 +9.64960e-04 +3.27894e-03 +1.90178e-03 +1.75751e-02
+7.08026e+03 +8.81450e-04 -1.90182e-03 +6.03337e-03 +6.36127e-03
+7.08039e+03 +3.89400e-03 +9.90282e-03 +5.11536e-03 +3.80373e-03
+7.08052e+03 +2.41068e-03 -1.38380e-02 +8.52578e-03 -7.01552e-20
+7.08064e+03 +1.31452e-03 +1.78389e-02 +1.90195e-03 -5.70584e-03
+7.08077e+03 +1.29245e-03 +5.77155e-03 +4.32866e-03 +8.46056e-03
+7.08090e+03 +2.01826e-03 -1.13466e-02 +1.54130e-02 +2.36114e-03
+7.08103e+03 +1.90941e-03 -1.08877e-02 +1.24618e-03 +5.37826e-03
+7.08116e+03 +1.54791e-03 +4.32893e-03 -1.18718e-02 +3.60745e-03
+7.08129e+03 +2.87105e-03 +3.67311e-03 +1.50860e-02 +6.23117e-03
+7.08142e+03 +1.35735e-03 +1.18067e-03 +6.55927e-05 +1.83004e-02
+7.08155e+03 +8.88168e-04 -7.67450e-03 +3.41089e-03 +3.93564e-03
+7.08168e+03 +2.75600e-03 +9.70812e-03 -1.83667e-03 +9.18336e-03
+7.08181e+03 +2.10419e-03 +2.03350e-03 +6.62527e-03 +3.54223e-03
+7.08194e+03 +1.02178e-03 -4.78866e-03 -5.90383e-04 -9.24934e-03
+7.08207e+03 +2.16900e-03 +4.13277e-03 +2.75518e-03 -3.27997e-03
+7.08220e+03 +2.76447e-03 +3.41124e-03 -6.56008e-04 +3.47684e-03
+7.08233e+03 +1.05054e-03 +1.13492e-02 -9.05310e-03 +1.16116e-02
+7.08246e+03 +2.35884e-03 -1.76473e-02 +7.87242e-04 -3.28018e-03
+7.08259e+03 +1.77128e-03 +9.18468e-04 +2.75540e-03 -1.48267e-02
+7.08272e+03 +2.85374e-03 +3.21470e-03 +7.54471e-03 -1.96819e-04
+7.08285e+03 +1.12570e-03 +2.68991e-03 +5.70786e-03 +7.67608e-03
+7.08298e+03 +1.37173e-03 +5.24871e-03 +4.85506e-03 +1.90266e-03
+7.08310e+03 +1.05841e-03 +7.67639e-03 +3.87100e-03 +3.47734e-03
+7.08323e+03 +2.14515e-03 -9.77611e-03 +1.37128e-02 +3.01813e-03
+7.08336e+03 +1.71634e-03 +2.88696e-03 +3.28064e-04 +1.70593e-03
+7.08349e+03 +3.20702e-03 -7.34878e-03 +4.33053e-03 -8.79229e-03
+7.08362e+03 +1.45714e-03 +2.82146e-03 +5.51170e-03 -7.02085e-03
+7.08375e+03 +1.18593e-03 -7.41469e-03 +4.46194e-03 +6.69291e-03
+7.08388e+03 +1.12934e-03 -5.24944e-03 +4.92135e-03 +7.34922e-03
+7.08401e+03 +1.98221e-03 +1.37801e-02 +1.96858e-04 -8.59613e-03
+7.08414e+03 +1.86979e-03 +7.94009e-03 +2.62482e-03 +7.21827e-04
+7.08427e+03 +2.70174e-03 +2.23114e-03 -3.67483e-03 +2.02115e-02
+7.08440e+03 +1.45265e-03 +7.74354e-03 -1.19434e-02 +5.11861e-03
+7.08453e+03 +3.37410e-03 -2.49373e-03 +2.03436e-03 +6.49682e-03
+7.08466e+03 +2.35629e-03 +8.07197e-03 +2.36253e-03 +3.67504e-03
+7.08479e+03 +1.39345e-03 -6.49707e-03 +7.87524e-03 +4.26576e-03
+7.08492e+03 +1.70614e-03 -6.56283e-04 +2.05416e-02 +1.57508e-03
+7.08505e+03 +1.95122e-03 -9.71317e-03 -1.12226e-02 +8.46621e-03
+7.08518e+03 +1.99452e-03 +6.62871e-03 +7.54754e-03 -6.10366e-03
+7.08531e+03 +8.73299e-04 +5.44746e-03 +9.05722e-03 +7.81021e-03
+7.08544e+03 +5.13367e-04 -6.23516e-03 +6.10390e-03 +1.15515e-02
+7.08557e+03 +2.19808e-03 -6.56345e-03 -8.66376e-03 +9.38574e-03
+7.08569e+03 +2.72075e-03 +4.59450e-03 +7.94193e-03 +9.18901e-03
+7.08582e+03 +1.46666e-03 -7.08880e-03 +2.16602e-03 +6.23552e-03
+7.08595e+03 +1.70243e-03 +1.96915e-04 +8.66425e-03 +6.49819e-03
+7.08608e+03 +5.15300e-04 -6.10447e-03 -6.43267e-03 +1.27997e-02
+7.08621e+03 +1.26279e-03 +2.75691e-03 +1.24717e-03 +3.93844e-03
+7.08634e+03 +5.10337e-04 +3.28210e-03 +5.18571e-03 +4.20108e-03
+7.08647e+03 +2.02823e-03 +3.15087e-03 +8.07411e-03 +1.95617e-02
+7.08660e+03 +2.18701e-03 -7.74603e-03 +1.11595e-02 +1.77240e-03
+7.08673e+03 +1.83393e-03 +6.69585e-03 +7.74618e-03 +6.56456e-04
+7.08686e+03 +1.81105e-03 -2.10070e-03 -6.56468e-04 +1.55583e-02
+7.08699e+03 +2.03498e-03 +4.92360e-03 -6.89304e-03 -3.87323e-03
+7.08712e+03 +2.16919e-03 -9.97867e-03 +5.64583e-03 +1.77253e-03
+7.08725e+03 +1.60045e-03 +1.44431e-03 +6.63069e-03 +4.00467e-03
+7.08738e+03 +1.14052e-03 +7.09037e-03 -3.93909e-04 +5.77734e-03
+7.08751e+03 +2.06077e-03 +6.89354e-03 +7.74702e-03 -3.15133e-03
+7.08764e+03 +1.75031e-03 +6.56539e-04 -6.56539e-04 -3.41400e-03
+7.08777e+03 +8.49513e-04 -1.05048e-02 -2.29793e-03 -5.58068e-03
+7.08790e+03 +1.47015e-03 -1.31312e-04 -1.24747e-03 +1.85807e-02
+7.08803e+03 +1.26399e-03 +2.10104e-03 +2.88893e-03 +7.94455e-03
+7.08816e+03 +2.96969e-03 +4.00517e-03 +5.44966e-03 +2.56068e-03
+7.08828e+03 +2.16022e-03 +4.00524e-03 +1.11622e-03 +6.04070e-03
+7.08841e+03 +1.63063e-03 -2.36379e-03 -2.75776e-03 +5.77816e-03
+7.08854e+03 +1.29779e-03 +1.21475e-02 +2.29817e-03 +1.18192e-02
+7.08867e+03 +2.60503e-03 +1.14911e-02 +1.31326e-02 +3.87413e-03
+7.08880e+03 +1.88457e-03 +6.63210e-03 +4.00552e-03 -3.15189e-03
+7.08893e+03 +1.07869e-03 -6.36955e-03 +6.04122e-03 +8.53651e-04
+7.08906e+03 +2.40750e-03 -1.24767e-03 +1.05067e-03 +2.07506e-02
+7.08919e+03 +3.19405e-03 +4.46541e-03 +9.65316e-03 +2.42971e-03
+7.08932e+03 +6.60423e-04 -6.82956e-03 -2.42975e-03 -8.73396e-03
+7.08945e+03 +1.73584e-03 -6.36999e-03 +6.10731e-03 +4.72824e-03
+7.08958e+03 +1.55818e-03 +2.90923e-02 -2.36416e-03 -3.41490e-03
+7.08971e+03 +2.32095e-03 +3.08659e-03 -1.05076e-03 -5.12243e-03
+7.08984e+03 +1.25520e-03 +3.94040e-03 -8.66888e-03 -1.83885e-03
+7.08997e+03 +3.67473e-04 +7.88093e-04 -5.84502e-03 -9.78549e-03
+7.09010e+03 +1.74694e-03 -1.77324e-03 +4.59729e-03 +6.04215e-03
+7.09023e+03 +2.49980e-03 +1.31353e-02 -1.03112e-02 +1.37921e-03
+7.09036e+03 +1.45380e-03 -1.02457e-02 -4.40041e-03 +1.36610e-02
+7.09049e+03 +1.94352e-03 +6.30517e-03 -1.29387e-02 -2.69283e-03
+7.09062e+03 +2.77254e-03 -1.31360e-04 +6.23959e-03 +2.29880e-03
+7.09075e+03 +1.68809e-03 +4.92607e-03 +2.88996e-03 -6.37106e-03
+7.09088e+03 +1.88286e-03 -5.38593e-03 +1.97046e-04 +6.96230e-03
+7.09100e+03 +2.40158e-03 +4.53214e-03 -1.07064e-02 +6.50263e-03
+7.09113e+03 +2.09245e-03 -1.51074e-03 -3.08716e-03 -4.40084e-03
+7.09126e+03 +1.30285e-03 -3.08721e-03 +1.28086e-02 -6.04305e-03
+7.09139e+03 +2.51138e-03 -8.27648e-03 -2.62745e-04 +7.22550e-03
+7.09152e+03 +3.18820e-03 -1.83925e-03 -1.62905e-02 +9.98448e-03
+7.09165e+03 +2.07527e-03 +5.32076e-03 +6.83160e-03 +1.20210e-02
+7.09178e+03 +2.19084e-03 -5.78068e-03 +4.92671e-03 +1.31379e-03
+7.09191e+03 +2.16708e-03 -1.05762e-02 +1.24812e-03 +8.21132e-03
+7.09204e+03 +2.56473e-03 +4.92687e-03 +3.28458e-03 +7.94868e-03
+7.09217e+03 +2.37073e-03 -6.96342e-03 +8.54004e-04 +3.08755e-03
+7.09230e+03 +1.46464e-03 +5.18980e-03 +5.45257e-03 +2.03650e-03
+7.09243e+03 +2.15027e-03 +2.56209e-03 +9.91990e-03 +3.87599e-03
+7.09256e+03 +5.99395e-04 +9.39449e-03 +4.66439e-03 -1.83948e-03
+7.09269e+03 +1.53430e-03 +8.01500e-03 -7.88361e-04 +6.70107e-03
+7.09282e+03 +1.69287e-03 +7.88373e-03 +2.69361e-03 +2.62791e-03
+7.09295e+03 +4.93653e-04 +2.36516e-03 -4.92741e-03 +3.54773e-03
+7.09308e+03 +1.76359e-03 +1.01835e-02 +3.74489e-03 +7.29267e-03
+7.09321e+03 +2.13250e-03 -1.22203e-02 +1.49798e-02 +7.94979e-03
+7.09334e+03 +2.25115e-03 +6.17597e-03 -2.29956e-03 +2.82518e-03
+7.09347e+03 +1.38098e-03 +1.50459e-02 -3.48225e-03 +1.00525e-02
+7.09359e+03 +1.44937e-03 -1.42577e-02 -3.67941e-03 -4.99349e-03
+7.09372e+03 +1.94746e-03 -5.32208e-03 +3.94228e-04 +5.78202e-03
+7.09385e+03 +2.39777e-03 +3.94234e-04 +6.11063e-03 +1.18270e-02
+7.09398e+03 +1.42150e-03 -7.75339e-03 +1.19586e-02 -3.87670e-03
+7.09411e+03 +2.72056e-03 +1.25502e-02 +2.02380e-02 +2.16835e-03
+7.09424e+03 +1.95091e-03 +7.16224e-03 +3.54827e-03 +1.83984e-03
+7.09437e+03 +1.40830e-03 -7.03093e-03 +9.46218e-03 +2.95693e-03
+7.09450e+03 +2.83635e-04 +4.33690e-03 +5.12543e-03 -9.65946e-03
+7.09463e+03 +3.35946e-04 +7.16256e-03 -5.45406e-03 +1.11710e-03
+7.09476e+03 +9.37055e-04 -2.36565e-03 +9.98830e-03 -1.05140e-03
+7.09489e+03 +1.93320e-03 -1.18284e-03 +4.73137e-03 +5.45422e-03
+7.09502e+03 +2.57244e-03 +4.33715e-03 -7.68858e-03 +5.91430e-04
+7.09515e+03 -1.22130e-04 -3.61434e-03 +1.04487e-02 -1.44574e-03
+7.09528e+03 +1.26121e-03 +1.05146e-03 +8.80598e-03 -4.60014e-04
+7.09541e+03 +2.52285e-03 -7.49176e-03 +1.43921e-02 +1.88608e-02
+7.09554e+03 +1.54240e-03 +1.14350e-02 -2.36585e-03 -7.88618e-04
+7.09567e+03 +1.85057e-03 +1.05808e-02 +1.90585e-03 +5.98043e-03
+7.09580e+03 +3.81812e-03 +4.79756e-03 +9.13508e-03 +4.46896e-03
+7.09593e+03 +2.30064e-03 -1.38014e-03 +2.36595e-03 +6.70353e-03
+7.09606e+03 +3.48431e-03 +4.53481e-03 -5.25775e-04 +1.30786e-02
+7.09618e+03 +3.12919e-03 +1.00556e-02 +2.03740e-03 +3.94336e-04
+7.09631e+03 +2.81711e-03 +2.04400e-02 +4.20631e-03 +7.62394e-03
+7.09644e+03 +1.37960e-03 +2.49753e-03 -9.13571e-03 -9.26716e-03
+7.09657e+03 +1.87988e-03 +1.07132e-02 +3.28627e-03 -1.30794e-02
+7.09670e+03 +2.49472e-03 -3.35204e-03 +2.82623e-03 +1.87320e-02
+7.09683e+03 +1.81747e-03 -2.69482e-03 +7.88727e-04 +7.16427e-03
+7.09696e+03 +2.11325e-03 +7.88737e-03 +1.12395e-02 +6.90145e-03
+7.09709e+03 +1.16613e-03 +5.98134e-03 +1.54463e-02 -3.41791e-03
+7.09722e+03 +3.07928e-03 -2.43200e-03 +1.96532e-02 -1.20943e-02
+7.09735e+03 +1.97670e-03 +9.20230e-03 -1.64327e-03 +9.00511e-03
+7.09748e+03 +2.88149e-03 +1.18974e-02 +2.10341e-03 -8.47938e-03
+7.09761e+03 +1.92262e-03 +1.20290e-02 +2.49783e-03 -5.71872e-03
+7.09774e+03 +1.42272e-03 +2.95800e-03 -3.02373e-03 +8.93973e-03
+7.09787e+03 +2.62046e-03 +1.75510e-02 +4.60139e-04 +1.44615e-03
+7.09800e+03 +1.82070e-03 -5.32454e-03 +4.60145e-03 +7.23085e-03
+7.09813e+03 +2.09296e-03 +8.41419e-03 -5.71902e-03 +2.30076e-03
+7.09826e+03 +1.95823e-03 +7.82267e-03 -6.70515e-03 +7.23104e-03
+7.09839e+03 +2.94373e-03 -1.34762e-02 -8.61162e-03 -8.34867e-03
+7.09852e+03 +3.16511e-03 +1.04524e-02 +6.11367e-03 +9.72928e-03
+7.09865e+03 +1.06009e-03 -2.62957e-04 +4.27305e-03 +3.22122e-03
+7.09877e+03 +2.62089e-03 -1.31480e-04 +1.01240e-02 +1.86044e-02
+7.09890e+03 +1.76031e-03 -1.84074e-03 +1.30824e-02 +5.85094e-03
+7.09903e+03 +2.16063e-03 -9.00661e-03 +4.01024e-03 +1.38058e-03
+7.09916e+03 +2.86142e-03 +1.84079e-03 +1.17679e-02 +8.54653e-03
+7.09929e+03 +8.48804e-04 -3.41865e-03 +1.64358e-03 +7.95494e-03
+7.09942e+03 +3.39863e-03 +1.08478e-02 +1.11765e-03 +3.74742e-03
+7.09955e+03 +2.88085e-03 +1.21628e-02 -7.56067e-03 +2.02494e-02
+7.09968e+03 +2.43180e-03 -4.93093e-03 -5.25966e-04 -7.23203e-04
+7.09981e+03 +2.09983e-03 -3.41882e-03 -2.16964e-03 -7.03488e-03
+7.09994e+03 +3.23197e-03 +5.25979e-04 +6.70623e-03 -1.70943e-03
+7.10007e+03 +2.46426e-03 +6.11457e-03 +7.95552e-03 +6.31182e-03
+7.10020e+03 +1.74919e-03 -1.00596e-02 +6.64064e-03 +2.05137e-02
+7.10033e+03 +3.07426e-03 -4.93123e-03 +3.68198e-03 +6.24622e-03
+7.10046e+03 +2.49165e-03 -3.48477e-03 +6.77230e-03 -5.06278e-03
+7.10059e+03 +8.44958e-04 -4.79984e-03 +2.63005e-04 -5.91761e-04
+7.10072e+03 +3.55253e-03 -4.33963e-03 +1.05203e-03 +5.19441e-03
+7.10085e+03 +2.01428e-03 +3.68215e-03 +5.78624e-03 +7.29856e-03
+7.10098e+03 +2.15069e-03 -3.94521e-03 +6.70686e-03 +7.23289e-04
+7.10111e+03 +2.31339e-03 +1.38084e-03 +1.31509e-04 +7.23297e-03
+7.10123e+03 +3.02770e-03 -5.32616e-03 +5.72069e-03 +5.91795e-03
+7.10136e+03 +2.46401e-03 -3.74808e-03 -5.78651e-03 +4.66866e-03
+7.10149e+03 +2.50021e-03 +1.05868e-02 +1.17047e-02 -6.70716e-03
+7.10162e+03 +4.21134e-03 +8.08814e-03 +3.87968e-03 +7.23330e-03
+7.10175e+03 +1.73401e-03 -1.13104e-02 +9.33763e-03 +9.40339e-03
+7.10188e+03 +1.61275e-03 -1.32175e-02 +4.86614e-03 +4.14280e-03
+7.10201e+03 +2.67996e-03 +6.24715e-03 +1.12449e-02 -1.31519e-03
+7.10214e+03 +3.11125e-03 -7.23362e-03 +1.84128e-02 -4.53745e-03
+7.10227e+03 +3.26670e-03 +7.36522e-03 +7.16793e-03 +1.13109e-02
+7.10240e+03 +3.01322e-03 -2.23589e-03 +8.28596e-03 +7.23377e-03
+7.10253e+03 -5.37151e-03 -5.98437e-03 +1.24948e-03 +6.77352e-03
+7.10266e+03 +1.69623e-03 -6.83935e-03 +2.30170e-03 -1.28238e-02
+7.10279e+03 +2.03809e-03 -6.57637e-03 -6.90519e-03 -3.28818e-04
+7.10292e+03 +3.46685e-03 +4.27469e-03 +1.45339e-02 +1.90717e-03
+7.10305e+03 +1.91664e-03 +2.17025e-03 +1.64413e-03 -1.77566e-03
+7.10318e+03 +1.90537e-03 +1.84144e-03 +1.18378e-03 +2.63063e-04
+7.10331e+03 +1.72905e-03 -9.14154e-03 +9.93073e-03 -7.03701e-03
+7.10344e+03 +3.02919e-03 -5.59021e-03 +2.29527e-02 -1.01939e-02
+7.10357e+03 +2.02004e-03 +2.36764e-03 +6.05064e-03 -4.93259e-03
+7.10370e+03 +2.56822e-03 -6.64262e-03 +7.49761e-03 +6.97146e-03
+7.10382e+03 +1.18461e-03 -1.78234e-02 +9.33922e-03 +1.13123e-02
+7.10395e+03 +1.08598e-03 +8.48431e-03 +1.01943e-02 +7.82661e-03
+7.10408e+03 +2.33957e-03 -3.09121e-03 +1.01944e-02 -6.57705e-04
+7.10421e+03 +3.48983e-03 -4.14358e-03 -1.24307e-02 -4.01204e-03
+7.10434e+03 +2.66409e-03 +9.40537e-03 +9.40537e-03 -5.59060e-03
+7.10447e+03 +1.86006e-03 +1.31545e-03 +1.37464e-02 +1.05894e-02
+7.10460e+03 +2.97105e-03 +1.18392e-02 +9.86596e-03 +5.91958e-04
+7.10473e+03 +2.43315e-03 +1.24312e-02 -6.57737e-03 -9.40564e-03
+7.10486e+03 -4.93528e-03 -1.65751e-02 -1.98639e-02 +4.47266e-03
+7.10499e+03 +2.47142e-03 -5.32777e-03 +4.86735e-03 -4.40692e-03
+7.10512e+03 +3.01210e-03 +8.02462e-03 +6.64334e-03 -1.97327e-03
+7.10525e+03 +2.68700e-03 +1.96671e-02 +6.31452e-03 -5.32787e-03
+7.10538e+03 +1.44065e-03 -1.17083e-02 -8.55099e-04 -3.61773e-03
+7.10551e+03 +2.03486e-03 +3.61776e-03 +3.15732e-03 +9.40618e-03
+7.10564e+03 +3.70551e-03 +9.40626e-03 -4.80180e-03 +5.39380e-03
+7.10577e+03 +2.46137e-03 +4.20984e-03 +5.45963e-03 -6.64365e-03
+7.10590e+03 +2.48455e-03 +1.16429e-02 -8.48553e-03 +8.35397e-03
+7.10603e+03 +2.57339e-03 +5.59129e-03 -1.26297e-02 +2.49964e-03
+7.10616e+03 +3.17015e-03 -3.61793e-03 +1.18405e-02 -6.77539e-03
+7.10629e+03 +3.87171e-03 +4.80202e-03 +4.67046e-03 +8.15685e-03
+7.10641e+03 +2.17710e-03 +9.07787e-03 +9.47256e-03 -4.01268e-03
+7.10654e+03 +2.31978e-03 -3.94693e-04 -6.70979e-03 -3.28911e-04
+7.10667e+03 +3.49414e-03 -6.84141e-03 +1.13804e-02 -2.56553e-03
+7.10680e+03 +3.27243e-03 +6.77569e-03 -1.09200e-02 +5.92050e-03
+7.10693e+03 +2.34631e-03 +5.26272e-04 -6.24948e-03 +8.55191e-04
+7.10706e+03 +3.96833e-03 -2.63138e-04 +1.53936e-02 -9.20983e-04
+7.10719e+03 +4.48451e-03 -7.69685e-03 +7.30214e-03 +1.24334e-02
+7.10732e+03 +3.62562e-03 +1.03941e-02 +2.96035e-03 +7.63113e-03
+7.10745e+03 +1.92220e-03 +2.76302e-03 +1.64465e-03 +9.86793e-03
+7.10758e+03 +3.07117e-03 +3.74984e-03 +7.10497e-03 +1.34205e-02
+7.10771e+03 +2.79982e-03 +7.36818e-03 -7.96026e-03 +4.01302e-03
+7.10784e+03 +3.65464e-03 +8.88136e-03 -5.92090e-03 -1.11839e-02
+7.10797e+03 +2.55499e-03 -5.06570e-03 +2.10523e-03 +2.63153e-03
+7.10810e+03 +3.37493e-03 +6.57889e-04 -5.46048e-03 +4.34207e-03
+7.10823e+03 +2.67876e-03 -9.99999e-03 -3.28947e-04 -6.24999e-03
+7.10836e+03 +2.47016e-03 +2.17107e-03 -3.02634e-03 -3.02634e-03
+7.10849e+03 +2.79625e-03 -9.86857e-04 -4.53954e-03 +8.68434e-03
+7.10862e+03 +5.09705e-03 +4.14483e-03 +1.66451e-02 +5.13170e-03
+7.10875e+03 +4.04583e-03 -5.98703e-03 -7.36865e-03 +1.38162e-02
+7.10888e+03 +3.44876e-03 +1.07899e-02 +5.00019e-03 +1.82902e-02
+7.10901e+03 +4.36066e-03 -1.11847e-03 +4.80285e-03 -1.71061e-03
+7.10913e+03 +4.27051e-03 -3.35544e-03 +4.01337e-03 +9.40840e-03
+7.10926e+03 +4.59407e-03 +1.26324e-02 +9.27688e-03 +6.38197e-03
+7.10939e+03 +5.91759e-03 +7.23734e-03 +1.84223e-03 +8.02687e-03
+7.10952e+03 +5.09612e-03 -3.61870e-03 +1.61854e-02 +2.89496e-03
+7.10965e+03 +9.23474e-03 -8.02699e-03 -2.82918e-03 +1.48039e-02
+7.10978e+03 +5.95198e-03 +1.59225e-02 -4.07932e-03 -1.38170e-03
+7.10991e+03 +5.16280e-03 -2.76343e-03 -2.30286e-03 +6.84278e-03
+7.11004e+03 +4.88632e-03 +9.54048e-03 +3.28982e-03 +1.79624e-02
+7.11017e+03 +5.76649e-03 +8.48779e-03 +5.79012e-03 -2.69767e-03
+7.11030e+03 +6.31871e-03 +1.05276e-03 -5.92176e-04 +2.69769e-03
+7.11043e+03 +5.90376e-03 -2.63191e-03 -9.86967e-04 +5.92180e-04
+7.11056e+03 +5.35110e-03 +4.67167e-03 +6.57982e-04 -1.64496e-03
+7.11069e+03 +5.55392e-03 -5.39549e-03 +5.26389e-03 +1.28965e-02
+7.11082e+03 +6.96111e-03 +1.15806e-02 +4.34274e-03 -3.94795e-03
+7.11095e+03 +5.56352e-03 +3.02678e-03 +8.55394e-03 +1.19097e-02
+7.11108e+03 +6.88019e-03 +1.19756e-02 +1.39496e-02 +4.14540e-03
+7.11121e+03 +5.57402e-03 -8.55406e-04 +1.06597e-02 -5.26404e-04
+7.11134e+03 +8.86077e-03 -1.90823e-03 +1.65160e-02 +1.08571e-02
+7.11147e+03 +6.56633e-03 +5.26410e-03 -5.59311e-03 +7.36975e-03
+7.11160e+03 +7.71955e-03 +6.11956e-03 -2.56627e-03 +3.42169e-03
+7.11172e+03 +7.54693e-03 -7.23823e-04 -1.18444e-02 +1.90168e-02
+7.11185e+03 +6.81813e-03 +1.77667e-03 +7.43569e-03 +9.40976e-03
+7.11198e+03 +1.31558e-02 +1.95435e-02 +1.38844e-02 +2.10569e-03
+7.11211e+03 +7.65389e-03 +1.76353e-02 +2.63213e-04 +9.21247e-04
+7.11224e+03 +1.00753e-02 -1.38188e-03 +6.77779e-03 +1.46084e-02
+7.11237e+03 +1.09418e-02 +1.09235e-02 +8.29132e-03 -1.71091e-03
+7.11250e+03 +9.80163e-03 +9.14683e-03 +1.33583e-02 +1.91491e-02
+7.11263e+03 +9.87920e-03 +1.83596e-02 +1.38190e-02 +1.36216e-02
+7.11276e+03 +1.01560e-02 +2.10577e-03 -6.31731e-03 +1.37533e-02
+7.11289e+03 +9.64281e-03 +2.29662e-02 +1.53327e-02 +1.82282e-02
+7.11302e+03 +1.18404e-02 +5.00126e-03 +7.23867e-04 +1.96102e-02
+7.11315e+03 +9.93789e-03 -1.31613e-03 -3.94839e-04 +7.69936e-03
+7.11328e+03 +1.31294e-02 -3.29034e-04 +1.15820e-02 +1.34904e-02
+7.11341e+03 +1.16636e-02 +7.23879e-03 +6.44910e-03 +1.52015e-02
+7.11354e+03 +1.29454e-02 +1.52015e-02 -7.04141e-03 +1.88868e-02
+7.11367e+03 +1.32334e-02 +3.15878e-03 +1.05951e-02 +3.01400e-02
+7.11380e+03 +1.28614e-02 +1.32933e-02 +9.73962e-03 +1.99399e-02
+7.11393e+03 +1.53658e-02 +8.16027e-03 +1.80974e-02 +1.31617e-04
+7.11406e+03 +1.39671e-02 +1.10559e-02 +6.51509e-03 +1.41489e-02
+7.11419e+03 +1.47603e-02 +1.55968e-02 -4.93570e-03 +7.04159e-03
+7.11431e+03 +1.51925e-02 +1.07270e-02 +6.71258e-03 +1.48730e-02
+7.11444e+03 +1.68945e-02 +2.62582e-02 +1.46098e-02 +1.04638e-02
+7.11457e+03 +1.56122e-02 +1.90850e-03 +2.00721e-02 -1.71107e-03
+7.11470e+03 +1.64004e-02 +9.21348e-03 +2.35602e-02 +1.59920e-02
+7.11483e+03 +1.71870e-02 +2.26390e-02 +1.33596e-02 +1.56630e-02
+7.11496e+03 +1.88861e-02 +4.34354e-03 +1.07930e-02 +1.76374e-02
+7.11509e+03 +1.94980e-02 +1.50050e-02 +1.39520e-02 -7.89739e-04
+7.11522e+03 +1.76609e-02 +2.50743e-02 -1.11222e-02 +9.41109e-03
+7.11535e+03 +2.03450e-02 +8.55558e-04 +1.13197e-02 +1.16488e-02
+7.11548e+03 +1.95984e-02 +7.04193e-03 +4.87012e-03 +1.95463e-02
+7.11561e+03 +2.22660e-02 +1.38207e-02 +1.27019e-02 -1.71113e-03
+7.11574e+03 +2.35579e-02 +3.00766e-02 +7.70013e-03 +1.11882e-02
+7.11587e+03 +2.41989e-02 +4.01461e-03 +5.13344e-03 +1.40841e-02
+7.11600e+03 +2.55629e-02 +1.28995e-02 -5.65997e-03 +1.96783e-02
+7.11613e+03 +2.44668e-02 +8.68743e-03 +1.32286e-02 +8.81906e-03
+7.11626e+03 +2.53577e-02 +8.35840e-03 +9.08235e-03 +2.06656e-02
+7.11639e+03 +2.72262e-02 +5.33097e-03 -4.34375e-03 +1.92836e-02
+7.11652e+03 +2.77316e-02 -8.95080e-03 +7.56869e-03 +1.92179e-02
+7.11665e+03 +2.99638e-02 +1.72435e-02 +7.10801e-03 +1.02671e-02
+7.11677e+03 +2.99986e-02 +2.19823e-02 +2.12583e-02 +1.84283e-03
+7.11690e+03 +3.20457e-02 +2.04028e-02 +5.79176e-03 +7.89786e-04
+7.11703e+03 +3.30191e-02 +1.57300e-02 -2.17192e-03 +1.76386e-02
+7.11716e+03 +3.50186e-02 +2.79060e-02 +4.93620e-03 +1.30316e-02
+7.11729e+03 +3.66726e-02 +1.75071e-02 +6.31835e-03 +9.74080e-03
+7.11742e+03 +3.67767e-02 +3.50802e-02 +3.73837e-02 +1.01357e-02
+7.11755e+03 +3.95386e-02 +2.94200e-02 +1.02016e-02 +1.50062e-02
+7.11768e+03 +4.13327e-02 +1.59935e-02 +1.38215e-02 +1.90211e-02
+7.11781e+03 +4.34172e-02 +2.27069e-02 +8.41862e-19 +1.85604e-02
+7.11794e+03 +4.45088e-02 +2.17197e-02 -1.18471e-03 +3.28429e-02
+7.11807e+03 +4.78441e-02 +2.07983e-02 +5.66031e-03 +2.27071e-02
+7.11820e+03 +5.07872e-02 +2.42209e-02 +5.26542e-03 +2.17857e-02
+7.11833e+03 +5.20083e-02 +2.73803e-02 +1.66519e-02 +3.11977e-02
+7.11846e+03 +5.47762e-02 +3.11320e-02 +1.14524e-02 +3.53444e-02
+7.11859e+03 +5.68043e-02 +3.95568e-02 -2.63273e-04 +3.96227e-02
+7.11872e+03 +6.04872e-02 +5.15359e-02 +7.04259e-03 +2.92234e-02
+7.11885e+03 +6.35320e-02 +4.92324e-02 +1.46776e-02 +5.19310e-02
+7.11898e+03 +6.65910e-02 +6.63455e-02 +1.68497e-02 +3.11982e-02
+7.11911e+03 +6.94110e-02 +6.12118e-02 +2.02723e-02 +4.36381e-02
+7.11924e+03 +7.39036e-02 +7.45075e-02 +2.96187e-02 +4.10712e-02
+7.11936e+03 +7.64771e-02 +6.95712e-02 +1.78371e-02 +2.96188e-02
+7.11949e+03 +8.20793e-02 +5.14710e-02 +1.55993e-02 +4.12689e-02
+7.11962e+03 +8.55631e-02 +5.36432e-02 +3.42263e-03 +5.41039e-02
+7.11975e+03 +8.77124e-02 +4.47576e-02 +1.79689e-02 +4.85093e-02
+7.11988e+03 +9.06033e-02 +3.73200e-02 +1.90220e-02 +6.08178e-02
+7.12001e+03 +9.47482e-02 +3.27127e-02 +1.81664e-02 +7.18758e-02
+7.12014e+03 +9.80537e-02 +3.01458e-02 +7.17443e-03 +6.30560e-02
+7.12027e+03 +1.01767e-01 +4.57453e-02 +1.46780e-02 +9.28729e-02
+7.12040e+03 +1.03760e-01 +3.98874e-02 +4.04139e-02 +8.83972e-02
+7.12053e+03 +1.06192e-01 +4.03482e-02 +2.59992e-02 +1.08934e-01
+7.12066e+03 +1.08313e-01 +2.48803e-02 +2.69866e-02 +9.72834e-02
+7.12079e+03 +1.11204e-01 +3.07385e-02 +1.89565e-02 +1.05775e-01
+7.12092e+03 +1.14374e-01 +3.41612e-02 +1.77059e-02 +1.19992e-01
+7.12105e+03 +1.18286e-01 +3.02120e-02 +2.25767e-02 +1.25258e-01
+7.12118e+03 +1.23645e-01 +4.25865e-02 +3.29108e-02 +1.45663e-01
+7.12131e+03 +1.25858e-01 +4.64701e-02 +3.79791e-02 +1.42767e-01
+7.12144e+03 +1.30995e-01 +3.48855e-02 +5.25257e-02 +1.22231e-01
+7.12157e+03 +1.36809e-01 +4.73259e-02 +4.58120e-02 +1.28682e-01
+7.12170e+03 +1.38719e-01 +3.54122e-02 +4.73260e-02 +1.16900e-01
+7.12183e+03 +1.44318e-01 +5.87791e-02 +4.92349e-02 +1.43492e-01
+7.12195e+03 +1.47585e-01 +8.04346e-02 +5.16704e-02 +1.36778e-01
+7.12208e+03 +1.51375e-01 +9.55738e-02 +4.26528e-02 +1.74692e-01
+7.12221e+03 +1.53819e-01 +1.10713e-01 +4.94325e-02 +1.75943e-01
+7.12234e+03 +1.57885e-01 +1.31381e-01 +3.71238e-02 +2.06485e-01
+7.12247e+03 +1.62680e-01 +1.47771e-01 +3.69264e-02 +2.07077e-01
+7.12260e+03 +1.67371e-01 +1.81209e-01 +4.28505e-02 +1.72192e-01
+7.12273e+03 +1.72152e-01 +2.14845e-01 +5.91745e-02 +1.76668e-01
+7.12286e+03 +1.75719e-01 +2.04248e-01 +5.48961e-02 +1.51721e-01
+7.12299e+03 +1.80817e-01 +2.28339e-01 +5.19341e-02 +1.25392e-01
+7.12312e+03 +1.84709e-01 +2.17742e-01 +5.06835e-02 +1.20324e-01
+7.12325e+03 +1.88984e-01 +1.92993e-01 +4.21266e-02 +1.13281e-01
+7.12338e+03 +1.91788e-01 +1.66532e-01 +6.41773e-02 +1.12952e-01
+7.12351e+03 +1.94732e-01 +1.54223e-01 +6.56254e-02 +1.04198e-01
+7.12364e+03 +1.95952e-01 +1.35200e-01 +6.34533e-02 +1.35924e-01
+7.12377e+03 +1.99456e-01 +1.27697e-01 +6.35192e-02 +1.78117e-01
+7.12390e+03 +2.03323e-01 +1.66730e-01 +8.41218e-02 +2.29393e-01
+7.12403e+03 +2.05644e-01 +1.94507e-01 +6.24002e-02 +2.58750e-01
+7.12416e+03 +2.10775e-01 +2.46376e-01 +6.50990e-02 +2.68624e-01
+7.12429e+03 +2.14624e-01 +3.24179e-01 +6.32560e-02 +2.58092e-01
+7.12442e+03 +2.18005e-01 +4.09946e-01 +7.98434e-02 +2.38872e-01
+7.12455e+03 +2.21337e-01 +4.88605e-01 +9.64308e-02 +1.87793e-01
+7.12467e+03 +2.25800e-01 +5.21780e-01 +1.18811e-01 +1.61003e-01
+7.12480e+03 +2.26108e-01 +5.21122e-01 +1.43165e-01 +1.55803e-01
+7.12493e+03 +2.26477e-01 +4.79982e-01 +1.52183e-01 +1.40203e-01
+7.12506e+03 +2.27020e-01 +3.96123e-01 +1.51656e-01 +1.43889e-01
+7.12519e+03 +2.29898e-01 +3.08776e-01 +1.52051e-01 +1.63702e-01
+7.12532e+03 +2.31412e-01 +2.49140e-01 +1.36188e-01 +1.93388e-01
+7.12545e+03 +2.36195e-01 +2.12740e-01 +1.11833e-01 +2.37095e-01
+7.12558e+03 +2.40618e-01 +2.01813e-01 +1.09661e-01 +2.64148e-01
+7.12571e+03 +2.44200e-01 +2.36568e-01 +9.30737e-02 +3.14831e-01
+7.12584e+03 +2.48451e-01 +3.27074e-01 +1.33489e-01 +3.30366e-01
+7.12597e+03 +2.49888e-01 +4.51677e-01 +1.38491e-01 +3.64396e-01
+7.12610e+03 +2.51339e-01 +5.97935e-01 +1.67190e-01 +3.46558e-01
+7.12623e+03 +2.50264e-01 +7.03646e-01 +1.70942e-01 +3.41686e-01
+7.12636e+03 +2.49635e-01 +7.82633e-01 +1.85291e-01 +3.27205e-01
+7.12649e+03 +2.50008e-01 +7.79671e-01 +1.99509e-01 +2.92253e-01
+7.12662e+03 +2.52487e-01 +7.22404e-01 +1.63240e-01 +2.81853e-01
+7.12675e+03 +2.54459e-01 +6.34070e-01 +1.57843e-01 +2.74086e-01
+7.12688e+03 +2.56027e-01 +5.49882e-01 +1.48364e-01 +2.54997e-01
+7.12701e+03 +2.58989e-01 +4.70894e-01 +1.38293e-01 +2.66450e-01
+7.12714e+03 +2.60380e-01 +4.18697e-01 +1.34344e-01 +2.51508e-01
+7.12726e+03 +2.59260e-01 +3.87101e-01 +1.15584e-01 +2.67831e-01
+7.12739e+03 +2.63316e-01 +3.61233e-01 +1.40728e-01 +2.82575e-01
+7.12752e+03 +2.66058e-01 +3.30362e-01 +1.76864e-01 +2.82048e-01
+7.12765e+03 +2.67068e-01 +3.36548e-01 +1.95887e-01 +2.74610e-01
+7.12778e+03 +2.69383e-01 +3.02321e-01 +1.98980e-01 +2.37288e-01
+7.12791e+03 +2.70012e-01 +2.75465e-01 +2.35050e-01 +2.29455e-01
+7.12804e+03 +2.70461e-01 +2.40842e-01 +2.41566e-01 +1.89172e-01
+7.12817e+03 +2.72630e-01 +2.14052e-01 +2.54796e-01 +1.71729e-01
+7.12830e+03 +2.72779e-01 +1.91936e-01 +2.71053e-01 +1.79430e-01
+7.12843e+03 +2.73865e-01 +1.76007e-01 +2.63483e-01 +1.76533e-01
+7.12856e+03 +2.73657e-01 +1.96872e-01 +2.79346e-01 +1.58630e-01
+7.12869e+03 +2.75375e-01 +2.11352e-01 +3.00540e-01 +1.76730e-01
+7.12882e+03 +2.73940e-01 +2.35640e-01 +2.97643e-01 +1.69687e-01
+7.12895e+03 +2.72579e-01 +2.70327e-01 +2.90731e-01 +1.84628e-01
+7.12908e+03 +2.69579e-01 +2.85202e-01 +2.76053e-01 +2.06612e-01
+7.12921e+03 +2.68075e-01 +2.81844e-01 +2.46894e-01 +2.44656e-01
+7.12934e+03 +2.57673e-01 +2.43602e-01 +1.97198e-01 +2.66310e-01
+7.12947e+03 +2.45822e-01 +2.27410e-01 +1.67645e-01 +3.00405e-01
+7.12960e+03 +2.25120e-01 +1.98777e-01 +1.42567e-01 +2.90268e-01
+7.12973e+03 +1.96784e-01 +1.57771e-01 +1.11894e-01 +2.74075e-01
+7.12985e+03 +1.68929e-01 +1.57902e-01 +8.53685e-02 +2.28264e-01
+7.12998e+03 +1.51293e-01 +1.32100e-01 +8.99099e-02 +2.04700e-01
+7.13011e+03 +1.49287e-01 +1.29401e-01 +8.62896e-02 +1.73369e-01
+7.13024e+03 +1.63709e-01 +1.47370e-01 +8.30642e-02 +1.72579e-01
+7.13037e+03 +1.83291e-01 +1.64482e-01 +1.09392e-01 +1.83044e-01
+7.13050e+03 +2.05530e-01 +1.99498e-01 +1.17948e-01 +1.75408e-01
+7.13063e+03 +2.23609e-01 +2.47743e-01 +1.35060e-01 +1.76461e-01
+7.13076e+03 +2.37881e-01 +2.59984e-01 +1.29729e-01 +1.82450e-01
+7.13089e+03 +2.48652e-01 +2.92958e-01 +1.20580e-01 +1.81923e-01
+7.13102e+03 +2.53538e-01 +2.78083e-01 +1.25845e-01 +2.04827e-01
+7.13115e+03 +2.59377e-01 +2.75712e-01 +1.31505e-01 +2.24111e-01
+7.13128e+03 +2.62341e-01 +2.74395e-01 +1.41114e-01 +2.30955e-01
+7.13141e+03 +2.63026e-01 +3.22770e-01 +1.63557e-01 +2.39906e-01
+7.13154e+03 +2.63933e-01 +3.86810e-01 +1.88501e-01 +2.56096e-01
+7.13167e+03 +2.66771e-01 +4.60919e-01 +2.30361e-01 +2.61229e-01
+7.13180e+03 +2.65714e-01 +4.89614e-01 +2.41483e-01 +2.66757e-01
+7.13193e+03 +2.67290e-01 +5.15610e-01 +2.35098e-01 +2.58463e-01
+7.13206e+03 +2.68367e-01 +5.06459e-01 +2.29108e-01 +2.68005e-01
+7.13219e+03 +2.67093e-01 +4.74471e-01 +2.14759e-01 +2.59119e-01
+7.13231e+03 +2.65228e-01 +4.72100e-01 +2.15614e-01 +2.70307e-01
+7.13244e+03 +2.64388e-01 +4.59659e-01 +2.58328e-01 +3.26184e-01
+7.13257e+03 +2.64856e-01 +4.83877e-01 +3.45467e-01 +3.86931e-01
+7.13270e+03 +2.63720e-01 +4.91444e-01 +4.56035e-01 +4.62354e-01
+7.13283e+03 +2.61789e-01 +4.92824e-01 +5.90165e-01 +5.76607e-01
+7.13296e+03 +2.62130e-01 +5.06643e-01 +7.29230e-01 +6.60650e-01
+7.13309e+03 +2.60598e-01 +5.15526e-01 +8.22881e-01 +7.37585e-01
+7.13322e+03 +2.60572e-01 +5.42772e-01 +8.83888e-01 +7.95499e-01
+7.13335e+03 +2.60737e-01 +5.33950e-01 +9.09091e-01 +7.97470e-01
+7.13348e+03 +2.60714e-01 +4.97487e-01 +8.80458e-01 +7.47251e-01
+7.13361e+03 +2.59895e-01 +4.43189e-01 +7.94568e-01 +7.03613e-01
+7.13374e+03 +2.59352e-01 +3.73162e-01 +6.70309e-01 +5.93570e-01
+7.13387e+03 +2.58239e-01 +3.42425e-01 +5.44208e-01 +4.85503e-01
+7.13400e+03 +2.56131e-01 +2.77203e-01 +4.39300e-01 +4.08302e-01
+7.13413e+03 +2.54119e-01 +2.76676e-01 +3.51504e-01 +3.30379e-01
+7.13426e+03 +2.50851e-01 +2.90561e-01 +3.07080e-01 +2.79965e-01
+7.13439e+03 +2.50791e-01 +2.95429e-01 +2.81214e-01 +2.56206e-01
+7.13452e+03 +2.49339e-01 +2.97205e-01 +2.90361e-01 +2.76343e-01
+7.13465e+03 +2.48355e-01 +2.73841e-01 +3.03192e-01 +2.99309e-01
+7.13478e+03 +2.46059e-01 +2.46725e-01 +2.90950e-01 +3.10759e-01
+7.13490e+03 +2.45547e-01 +2.10660e-01 +2.98122e-01 +3.50310e-01
+7.13503e+03 +2.45400e-01 +1.48271e-01 +2.82918e-01 +3.40108e-01
+7.13516e+03 +2.42921e-01 +1.21419e-01 +2.68176e-01 +3.25233e-01
+7.13529e+03 +2.42232e-01 +1.17404e-01 +2.52117e-01 +3.01935e-01
+7.13542e+03 +2.40212e-01 +8.11428e-02 +2.78373e-01 +2.67778e-01
+7.13555e+03 +2.37733e-01 +7.67332e-02 +2.76924e-01 +2.44217e-01
+7.13568e+03 +2.37445e-01 +9.46986e-02 +2.86596e-01 +2.20064e-01
+7.13581e+03 +2.34696e-01 +8.59456e-02 +2.82581e-01 +1.77814e-01
+7.13594e+03 +2.32834e-01 +1.06872e-01 +2.55664e-01 +1.56228e-01
+7.13607e+03 +2.30203e-01 +1.01409e-01 +2.11834e-01 +1.33326e-01
+7.13620e+03 +2.27503e-01 +1.31022e-01 +1.55831e-01 +1.13715e-01
+7.13633e+03 +2.26915e-01 +1.62740e-01 +1.24441e-01 +1.28784e-01
+7.13646e+03 +2.24882e-01 +1.77283e-01 +1.15754e-01 +1.16675e-01
+7.13659e+03 +2.23706e-01 +2.03801e-01 +9.25892e-02 +1.29835e-01
+7.13672e+03 +2.23668e-01 +2.35519e-01 +1.03052e-01 +1.65699e-01
+7.13685e+03 +2.19577e-01 +2.30977e-01 +1.12659e-01 +1.75766e-01
+7.13698e+03 +2.19964e-01 +2.55586e-01 +1.07986e-01 +1.91163e-01
+7.13711e+03 +2.18322e-01 +2.67364e-01 +9.99571e-02 +1.88333e-01
+7.13724e+03 +2.18192e-01 +2.58281e-01 +8.86382e-02 +1.69182e-01
+7.13737e+03 +2.17543e-01 +2.51107e-01 +8.23205e-02 +1.59837e-01
+7.13749e+03 +2.17164e-01 +2.37155e-01 +7.97537e-02 +1.63982e-01
+7.13762e+03 +2.11529e-01 +1.80234e-01 +8.73863e-02 +1.75562e-01
+7.13775e+03 +2.08132e-01 +1.70692e-01 +7.96211e-02 +1.77075e-01
+7.13788e+03 +2.05581e-01 +1.39106e-01 +1.06073e-01 +1.70230e-01
+7.13801e+03 +2.04049e-01 +1.55555e-01 +1.15482e-01 +1.62070e-01
+7.13814e+03 +2.00168e-01 +1.48185e-01 +1.28049e-01 +1.31076e-01
+7.13827e+03 +1.99219e-01 +1.77268e-01 +1.07848e-01 +1.37853e-01
+7.13840e+03 +1.96597e-01 +1.79175e-01 +1.04359e-01 +1.10676e-01
+7.13853e+03 +1.95558e-01 +1.64434e-01 +9.81078e-02 +9.75814e-02
+7.13866e+03 +1.93415e-01 +1.59169e-01 +1.03898e-01 +9.77124e-02
+7.13879e+03 +1.91215e-01 +1.35546e-01 +8.71180e-02 +9.38954e-02
+7.13892e+03 +1.88803e-01 +1.33506e-01 +8.31695e-02 +7.13916e-02
+7.13905e+03 +1.88523e-01 +1.23372e-01 +8.86302e-02 +7.77077e-02
+7.13918e+03 +1.85454e-01 +1.15607e-01 +1.00078e-01 +6.32975e-02
+7.13931e+03 +1.84632e-01 +9.65247e-02 +1.14487e-01 +6.44814e-02
+7.13944e+03 +1.81034e-01 +7.34293e-02 +1.20342e-01 +8.05353e-02
+7.13957e+03 +1.81876e-01 +7.98110e-02 +1.24750e-01 +7.31656e-02
+7.13970e+03 +1.79542e-01 +8.76402e-02 +1.24749e-01 +8.89561e-02
+7.13983e+03 +1.81299e-01 +7.52700e-02 +1.36131e-01 +9.72457e-02
+7.13996e+03 +1.75347e-01 +6.02024e-02 +1.07772e-01 +1.07509e-01
+7.14009e+03 +1.73683e-01 +5.53990e-02 +1.13693e-01 +1.15140e-01
+7.14021e+03 +1.73606e-01 +6.45439e-02 +1.17376e-01 +1.32312e-01
+7.14034e+03 +1.71922e-01 +3.53311e-02 +1.10599e-01 +1.79419e-01
+7.14047e+03 +1.68516e-01 +4.03969e-02 +9.57946e-02 +2.00471e-01
+7.14060e+03 +1.68556e-01 +4.99365e-02 +9.97414e-02 +2.46327e-01
+7.14073e+03 +1.68205e-01 +2.50668e-02 +8.84902e-02 +2.80011e-01
+7.14086e+03 +1.67083e-01 +5.05279e-02 +1.00003e-01 +3.06325e-01
+7.14099e+03 +1.67719e-01 +5.33565e-02 +1.16055e-01 +3.06454e-01
+7.14112e+03 +1.66873e-01 +6.60536e-02 +1.28555e-01 +2.98689e-01
+7.14125e+03 +1.64621e-01 +6.90137e-02 +1.43619e-01 +2.71712e-01
+7.14138e+03 +1.64036e-01 +7.45394e-02 +1.55000e-01 +2.25789e-01
+7.14151e+03 +1.61966e-01 +6.95389e-02 +1.46249e-01 +1.73748e-01
+7.14164e+03 +1.62951e-01 +7.80250e-02 +1.39471e-01 +1.35261e-01
+7.14177e+03 +1.60396e-01 +7.55902e-02 +1.34997e-01 +1.20852e-01
+7.14190e+03 +1.58388e-01 +7.70369e-02 +1.17891e-01 +9.43390e-02
+7.14203e+03 +1.56914e-01 +8.77595e-02 +1.14995e-01 +8.91410e-02
+7.14216e+03 +1.55814e-01 +7.82856e-02 +9.85477e-02 +1.10323e-01
+7.14229e+03 +1.53927e-01 +8.22320e-02 +1.02889e-01 +1.18809e-01
+7.14242e+03 +1.53986e-01 +8.86783e-02 +1.09137e-01 +1.40912e-01
+7.14255e+03 +1.51750e-01 +8.67040e-02 +1.32358e-01 +1.57093e-01
+7.14268e+03 +1.50938e-01 +9.30843e-02 +1.57092e-01 +1.60447e-01
+7.14280e+03 +1.48728e-01 +9.93987e-02 +2.10704e-01 +1.52223e-01
+7.14293e+03 +1.46787e-01 +1.18343e-01 +2.69249e-01 +1.30710e-01
+7.14306e+03 +1.45522e-01 +1.32617e-01 +2.73062e-01 +9.82129e-02
+7.14319e+03 +1.43352e-01 +1.50311e-01 +2.85624e-01 +9.86725e-02
+7.14332e+03 +1.39966e-01 +1.58467e-01 +2.61611e-01 +7.12409e-02
+7.14345e+03 +1.39299e-01 +1.68266e-01 +2.34639e-01 +6.61752e-02
+7.14358e+03 +1.36922e-01 +1.73133e-01 +2.01747e-01 +5.93992e-02
+7.14371e+03 +1.34564e-01 +1.70303e-01 +1.93588e-01 +4.36117e-02
+7.14384e+03 +1.34820e-01 +1.87535e-01 +1.74182e-01 +6.37395e-02
+7.14397e+03 +1.33620e-01 +2.01281e-01 +1.45962e-01 +4.85442e-02
+7.14410e+03 +1.32062e-01 +2.57848e-01 +1.37738e-01 +5.81473e-02
+7.14423e+03 +1.31657e-01 +3.12637e-01 +1.22016e-01 +8.12344e-02
+7.14436e+03 +1.29325e-01 +3.88409e-01 +1.02611e-01 +6.01852e-02
+7.14449e+03 +1.27980e-01 +4.30238e-01 +1.02281e-01 +7.97200e-02
+7.14462e+03 +1.22077e-01 +4.55623e-01 +5.63034e-02 +8.60337e-02
+7.14475e+03 +1.25633e-01 +4.69760e-01 +6.53139e-02 +9.97139e-02
+7.14488e+03 +1.23721e-01 +4.54233e-01 +4.91330e-02 +1.17472e-01
+7.14501e+03 +1.22730e-01 +4.08056e-01 +3.72933e-02 +1.18457e-01
+7.14514e+03 +1.21403e-01 +3.71417e-01 +5.05132e-02 +1.27467e-01
+7.14527e+03 +1.20153e-01 +3.35041e-01 +4.95919e-02 +1.23914e-01
+7.14539e+03 +1.18559e-01 +3.03600e-01 +4.89337e-02 +1.17928e-01
+7.14552e+03 +1.18425e-01 +2.68344e-01 +5.91277e-02 +1.28844e-01
+7.14565e+03 +1.16879e-01 +2.32431e-01 +5.95875e-02 +1.08981e-01
+7.14578e+03 +1.14845e-01 +1.86784e-01 +7.18199e-02 +1.07533e-01
+7.14591e+03 +1.13086e-01 +1.45348e-01 +8.01060e-02 +9.49697e-02
+7.14604e+03 +1.11310e-01 +9.91121e-02 +9.03650e-02 +1.05755e-01
+7.14617e+03 +1.10318e-01 +8.37216e-02 +1.01347e-01 +1.10028e-01
+7.14630e+03 +1.08827e-01 +6.88575e-02 +1.25285e-01 +1.05489e-01
+7.14643e+03 +1.05500e-01 +4.40631e-02 +1.33176e-01 +1.03384e-01
+7.14656e+03 +1.05778e-01 +5.04418e-02 +1.66057e-01 +1.11011e-01
+7.14669e+03 +1.04909e-01 +5.41899e-02 +1.71119e-01 +1.09235e-01
+7.14682e+03 +1.02580e-01 +5.89243e-02 +1.87032e-01 +1.18572e-01
+7.14695e+03 +9.40925e-02 +5.41887e-02 +2.14387e-01 +1.14296e-01
+7.14708e+03 +1.01596e-01 +7.53636e-02 +2.66535e-01 +1.46387e-01
+7.14721e+03 +1.01135e-01 +1.00878e-01 +3.16905e-01 +1.68876e-01
+7.14734e+03 +9.82099e-02 +1.04954e-01 +3.56292e-01 +1.72688e-01
+7.14747e+03 +9.51333e-02 +1.24484e-01 +3.99822e-01 +1.49407e-01
+7.14760e+03 +9.58197e-02 +1.31650e-01 +4.59527e-01 +1.30269e-01
+7.14773e+03 +9.30292e-02 +1.30202e-01 +4.75041e-01 +1.19286e-01
+7.14785e+03 +9.13050e-02 +1.12249e-01 +4.98445e-01 +1.10539e-01
+7.14798e+03 +9.09754e-02 +1.28161e-01 +4.80554e-01 +7.07548e-02
+7.14811e+03 +8.93111e-02 +9.90950e-02 +4.58586e-01 +6.96361e-02
+7.14824e+03 +8.93363e-02 +8.55482e-02 +3.88551e-01 +6.77942e-02
+7.14837e+03 +8.66288e-02 +6.89770e-02 +3.20490e-01 +6.96346e-02
+7.14850e+03 +8.59295e-02 +5.98364e-02 +2.71631e-01 +8.06147e-02
+7.14863e+03 +8.52954e-02 +4.97097e-02 +1.81545e-01 +9.41590e-02
+7.14876e+03 +8.29739e-02 +4.97091e-02 +1.25982e-01 +1.09478e-01
+7.14889e+03 +8.23357e-02 +4.97085e-02 +1.05203e-01 +1.25849e-01
+7.14902e+03 +8.09911e-02 +3.77412e-02 +7.98220e-02 +1.13815e-01
+7.14915e+03 +7.92004e-02 +3.83325e-02 +6.20027e-02 +1.22033e-01
+7.14928e+03 +7.83222e-02 +3.22831e-02 +6.25937e-02 +1.06514e-01
+7.14941e+03 +7.52372e-02 +4.45778e-02 +4.51037e-02 +9.92808e-02
+7.14954e+03 +7.43074e-02 +6.12772e-02 +5.18095e-02 +7.55446e-02
+7.14967e+03 +7.43212e-02 +6.67993e-02 +4.24728e-02 +6.23285e-02
+7.14980e+03 +7.25260e-02 +7.21240e-02 +3.62921e-02 +4.37872e-02
+7.14993e+03 +7.02452e-02 +8.17220e-02 +3.71463e-02 +5.20706e-02
+7.15006e+03 +6.74445e-02 +8.99391e-02 +4.10906e-02 +3.88553e-02
+7.15019e+03 +6.64878e-02 +8.37580e-02 +2.87959e-02 +1.44637e-02
+7.15032e+03 +6.60954e-02 +8.98054e-02 +2.53769e-02 +2.20240e-02
+7.15044e+03 +6.31007e-02 +8.19809e-02 +3.39231e-02 +1.84079e-02
+7.15057e+03 +6.28238e-02 +6.32435e-02 +4.16145e-02 +3.41857e-02
+7.15070e+03 +6.12081e-02 +5.87066e-02 +1.98537e-02 +1.06500e-02
+7.15083e+03 +5.90812e-02 +4.08903e-02 +3.25413e-02 +2.47840e-02
+7.15096e+03 +5.86393e-02 +3.91148e-02 +2.62300e-02 +2.87280e-02
+7.15109e+03 +5.69300e-02 +1.38708e-02 +4.06921e-02 +3.89171e-02
+7.15122e+03 +5.70855e-02 +2.81357e-02 +3.98370e-02 +5.32474e-02
+7.15135e+03 +5.56901e-02 +2.22190e-02 +1.66971e-02 +6.23184e-02
+7.15148e+03 +5.50391e-02 +3.76667e-02 +3.29994e-02 +6.73793e-02
+7.15161e+03 +5.28366e-02 +7.29659e-03 +2.01807e-02 +7.18484e-02
+7.15174e+03 +5.12295e-02 +1.13720e-02 +1.49874e-02 +7.05985e-02
+7.15187e+03 +4.94033e-02 +3.37869e-02 +4.31211e-02 +6.46159e-02
+7.15200e+03 +4.95904e-02 +2.43867e-02 +3.71388e-02 +7.57238e-02
+7.15213e+03 +4.87940e-02 +1.92594e-02 +4.55520e-02 +5.88298e-02
+7.15226e+03 +4.50126e-02 +1.63012e-02 +3.96356e-02 +4.79834e-02
+7.15239e+03 +4.37849e-02 +1.70898e-02 +3.78604e-02 +4.09497e-02
+7.15252e+03 +4.17234e-02 +2.66202e-02 +3.86486e-02 +5.56724e-02
+7.15265e+03 +4.19897e-02 +4.00941e-03 +2.33335e-02 +3.37185e-02
+7.15278e+03 +4.11375e-02 +1.07793e-02 +3.04974e-02 +3.66101e-02
+7.15291e+03 +4.19940e-02 +1.05819e-02 +3.64781e-02 +3.55579e-02
+7.15303e+03 +3.99744e-02 +2.65531e-02 +3.96324e-02 +3.10881e-02
+7.15316e+03 +3.96206e-02 +1.45251e-02 +4.21952e-02 +1.39993e-02
+7.15329e+03 +3.93506e-02 +3.06929e-02 +4.01571e-02 +3.50307e-02
+7.15342e+03 +3.59825e-02 +3.94336e-03 +5.36297e-02 +1.05814e-02
+7.15355e+03 +3.51195e-02 +1.83364e-02 +4.90285e-02 +2.48428e-02
+7.15368e+03 +3.48012e-02 +1.34071e-02 +3.94983e-02 +3.48978e-02
+7.15381e+03 +3.30965e-02 +1.91902e-02 +3.59488e-02 +3.52916e-02
+7.15394e+03 +3.21093e-02 +2.24759e-02 +3.04936e-02 +8.28060e-03
+7.15407e+03 +3.25524e-02 +1.49180e-02 +4.38997e-02 +1.85325e-02
+7.15420e+03 +3.04176e-02 +1.83351e-02 +2.02409e-02 +1.53121e-02
+7.15433e+03 +2.84179e-02 +1.53776e-02 +1.79405e-02 +1.29461e-02
+7.15446e+03 +2.90416e-02 +2.11603e-02 +1.38002e-02 +1.68888e-02
+7.15459e+03 +2.76656e-02 +3.35143e-03 +1.78743e-02 +8.67430e-03
+7.15472e+03 +2.75437e-02 +1.84655e-02 +2.47083e-02 +1.83998e-02
+7.15485e+03 +2.56911e-02 +1.62967e-02 +1.57710e-02 +5.84841e-03
+7.15498e+03 +2.35820e-02 +8.01681e-03 +2.35247e-02 +3.41700e-03
+7.15511e+03 +2.58094e-02 +2.17502e-02 +1.95818e-02 +1.34707e-02
+7.15524e+03 +2.42488e-02 +5.58532e-03 +1.01850e-02 +4.99393e-03
+7.15537e+03 +2.30376e-02 +2.50350e-02 +1.91869e-02 +1.93183e-02
+7.15550e+03 +2.31215e-02 +7.29355e-03 +1.87267e-02 +2.16178e-02
+7.15562e+03 +2.26265e-02 -4.99371e-03 +1.16958e-02 +1.42584e-02
+7.15575e+03 +2.26669e-02 +1.53094e-02 +1.68207e-02 +2.41140e-02
+7.15588e+03 +2.03843e-02 +5.32208e-03 +1.37323e-02 +1.55063e-02
+7.15601e+03 +2.16866e-02 +9.39564e-03 +1.62945e-02 +1.14982e-02
+7.15614e+03 +1.95932e-02 +4.79630e-03 +4.27068e-03 +1.67542e-02
+7.15627e+03 +1.94320e-02 +6.83298e-03 +1.61626e-02 +2.56237e-03
+7.15640e+03 +1.69685e-02 +1.49141e-02 +1.58996e-02 +1.76078e-02
+7.15653e+03 +1.94303e-02 +9.39507e-03 +1.29429e-02 +1.13004e-02
+7.15666e+03 +1.70540e-02 +1.96439e-02 +1.98410e-02 -1.51107e-03
+7.15679e+03 +1.66925e-02 +1.47820e-02 +2.03006e-02 +1.31395e-02
+7.15692e+03 +1.58698e-02 +4.59877e-03 +2.57531e-02 +1.24824e-03
+7.15705e+03 +1.64458e-02 +1.13654e-02 -2.16796e-03 +1.32048e-02
+7.15718e+03 +1.62378e-02 +3.61321e-03 +1.30732e-02 +6.56947e-04
+7.15731e+03 +1.39328e-02 +1.44526e-03 +1.14307e-02 +1.14307e-02
+7.15744e+03 +1.52806e-02 +8.08019e-03 +1.05765e-02 +1.11677e-03
+7.15757e+03 +1.34736e-02 -3.74442e-03 +1.37952e-03 +1.18245e-03
+7.15770e+03 +1.44697e-02 +3.48160e-03 +1.10360e-02 +5.32093e-03
+7.15783e+03 +1.47954e-02 +8.67101e-03 +2.16118e-02 +9.91911e-03
+7.15796e+03 +1.32493e-02 +6.10903e-03 +9.26207e-03 +5.45214e-03
+7.15809e+03 +1.32083e-02 -8.27661e-03 +1.79327e-02 +1.40571e-02
+7.15822e+03 +1.32056e-02 +6.43726e-03 +9.32746e-03 +4.46667e-03
+7.15834e+03 +1.26086e-02 +1.13636e-02 -2.36467e-03 +1.52390e-02
+7.15847e+03 +1.04626e-02 +1.66181e-02 +7.55368e-03 +1.06408e-02
+7.15860e+03 +1.13721e-02 +8.07903e-03 +7.09378e-03 +9.65542e-03
+7.15873e+03 +1.05270e-02 +1.31364e-04 +1.83910e-02 -2.95569e-03
+7.15886e+03 +1.17710e-02 +1.15599e-02 +1.26764e-02 +4.99176e-03
+7.15899e+03 +1.20194e-02 +1.04431e-02 +8.01295e-03 +8.27567e-03
+7.15912e+03 +9.70870e-03 +5.25431e-03 -2.62715e-04 +1.22163e-02
+7.15925e+03 +1.07945e-02 +1.06398e-02 +2.83071e-02 +9.78598e-03
+7.15938e+03 +1.10025e-02 +1.13621e-02 +6.89605e-03 +4.40033e-03
+7.15951e+03 +9.74439e-03 +1.02454e-02 -9.65430e-03 +1.30038e-02
+7.15964e+03 +1.10519e-02 +1.47767e-02 +8.27498e-03 +3.94047e-03
+7.15977e+03 +9.47499e-03 +4.07175e-03 +7.02705e-03 +1.05077e-02
+7.15990e+03 +8.50986e-03 +1.02449e-02 +9.71949e-03 +2.29853e-03
+7.16003e+03 +9.23870e-03 -6.10741e-03 +6.89547e-03 +7.35516e-03
+7.16016e+03 +9.77672e-03 +4.39989e-03 +1.97010e-03 +5.77896e-03
+7.16029e+03 +8.98666e-03 +1.31338e-04 +5.25351e-04 +1.31338e-02
+7.16042e+03 +7.11035e-03 +1.21485e-02 +8.20847e-03 +1.12949e-02
+7.16055e+03 +7.58374e-03 +9.84999e-04 +1.33303e-02 -1.83867e-03
+7.16068e+03 +7.09210e-03 +1.05065e-02 +8.79917e-03 -3.28327e-03
+7.16081e+03 +8.30321e-03 -4.72783e-03 +1.72041e-02 +6.23811e-03
+7.16093e+03 +7.20490e-03 +7.22295e-04 -4.13678e-03 +3.61148e-03
+7.16106e+03 +8.00928e-03 +2.49516e-03 +2.23251e-03 -2.36383e-03
+7.16119e+03 +8.08220e-03 +1.78598e-02 +8.47026e-03 +6.04080e-03
+7.16132e+03 +7.29086e-03 -2.23243e-03 +7.15691e-03 -1.70715e-03
+7.16145e+03 +7.13224e-03 -8.40430e-03 +2.62634e-04 +1.50358e-02
+7.16158e+03 +6.70423e-03 +8.40415e-03 +8.99507e-03 +1.43790e-02
+7.16171e+03 +6.31256e-03 +7.68178e-03 +5.77775e-03 +7.94441e-03
+7.16184e+03 +6.04316e-03 +3.08579e-03 +9.38868e-03 +6.56551e-04
+7.16197e+03 +5.70386e-03 +9.58547e-03 -2.82312e-03 -7.35324e-03
+7.16210e+03 +6.77385e-03 +2.75741e-03 +6.69658e-03 +6.56527e-04
+7.16223e+03 +5.99905e-03 +9.19122e-03 +2.10085e-03 +1.31303e-02
+7.16236e+03 +5.36304e-03 +1.31301e-03 +2.69166e-03 -3.41382e-03
+7.16249e+03 +4.39010e-03 +1.61497e-02 +2.16642e-03 -7.22141e-04
+7.16262e+03 +5.88803e-03 -2.69157e-03 -3.74193e-03 -5.61242e-19
+7.16275e+03 +7.29470e-03 +3.61057e-03 +8.40279e-03 +9.58443e-03
+7.16288e+03 +6.74707e-03 +7.74618e-03 +5.38294e-03 +9.91248e-03
+7.16301e+03 +6.35712e-03 +1.77240e-02 -6.56443e-05 +8.00861e-03
+7.16314e+03 +5.86606e-03 +1.59513e-02 +2.16622e-03 +5.90788e-04
+7.16327e+03 +4.52798e-03 -1.44412e-03 +2.88824e-03 +4.26672e-03
+7.16340e+03 +5.62009e-03 +5.71074e-03 +3.67588e-03 +6.56407e-03
+7.16352e+03 +5.01687e-03 +8.66441e-03 +4.98860e-03 +7.02342e-03
+7.16365e+03 +4.94157e-03 +8.53297e-04 +4.92287e-03 +1.33246e-02
+7.16378e+03 +4.16864e-03 -1.37838e-03 +1.70656e-03 +3.34749e-03
+7.16391e+03 +5.12080e-03 -1.62120e-02 +1.77217e-02 +3.80688e-03
+7.16404e+03 +3.94210e-03 +1.28644e-02 +7.21980e-03 +4.72569e-03
+7.16417e+03 +5.51828e-03 +2.42843e-03 +5.64446e-03 -1.32579e-02
+7.16430e+03 +4.40362e-03 +2.17898e-02 +4.65987e-03 +1.01730e-02
+7.16443e+03 +4.06441e-03 +4.13474e-03 +4.33163e-03 -7.87569e-04
+7.16456e+03 +3.94130e-03 +5.57851e-03 +5.90666e-03 +8.85999e-03
+7.16469e+03 +4.32759e-03 +6.10343e-03 +6.16906e-03 +4.72524e-03
+7.16482e+03 +3.84645e-03 +3.60949e-03 +1.15504e-02 -7.94087e-03
+7.16495e+03 +4.46070e-03 +1.22064e-02 -7.21883e-04 +7.35008e-03
+7.16508e+03 +3.81173e-03 +9.25305e-03 -1.39124e-02 +1.35843e-02
+7.16521e+03 +2.33319e-03 -8.33414e-03 -1.11559e-02 -5.44672e-03
+7.16534e+03 +4.17765e-03 +1.74554e-02 +1.39775e-02 +1.54211e-02
+7.16547e+03 +4.61070e-03 +3.87162e-03 +3.08417e-03 +5.18403e-03
+7.16560e+03 +4.42699e-03 +5.05269e-03 -1.01710e-02 +3.08411e-03
+7.16573e+03 +4.42615e-03 +7.61169e-03 -9.51461e-03 -9.90832e-03
+7.16586e+03 +3.86851e-03 +1.11548e-03 +6.88976e-03 -4.46194e-03
+7.16598e+03 +3.25304e-03 -1.24669e-03 +3.01831e-03 +4.26500e-03
+7.16611e+03 +3.85412e-03 +2.42772e-03 +2.23088e-03 +6.69264e-03
+7.16624e+03 +3.35675e-03 +8.13599e-03 +2.03400e-03 +3.87116e-03
+7.16637e+03 +4.23837e-03 +3.21496e-03 +1.90273e-02 -6.56115e-05
+7.16650e+03 +3.09408e-03 +4.19905e-03 +4.65832e-03 +8.98860e-03
+7.16663e+03 +3.16422e-03 -6.36406e-03 +2.75557e-03 +2.42753e-03
+7.16676e+03 +3.11748e-03 -3.34598e-03 +5.70786e-03 +7.67608e-03
+7.16689e+03 +3.30884e-03 +7.67593e-03 +5.44531e-03 +5.05168e-03
+7.16702e+03 +3.63180e-03 -2.75540e-03 -1.83694e-03 -1.70573e-03
+7.16715e+03 +3.68347e-03 +4.13302e-03 +8.06923e-03 +8.98768e-03
+7.16728e+03 +2.11082e-03 +2.09927e-03 +5.51058e-03 +3.41131e-03
+7.16741e+03 +2.65538e-03 +7.54410e-03 +4.98566e-03 +3.14884e-03
+7.16754e+03 +2.76176e-03 +1.90895e-02 -6.55995e-05 +1.11519e-02
+7.16767e+03 +3.09792e-03 +3.21431e-03 +5.83823e-03 -7.74058e-03
+7.16780e+03 +2.82188e-03 +3.67342e-03 +2.62387e-04 +1.31194e-03
+7.16793e+03 +3.30938e-03 +1.99410e-02 -6.88752e-03 +5.24763e-04
+7.16806e+03 +2.06204e-03 +5.44431e-03 -9.83911e-04 +2.95173e-03
+7.16819e+03 +2.62202e-03 +1.16099e-02 +7.67434e-03 +1.44304e-03
+7.16832e+03 +3.89493e-03 +1.14785e-02 +1.38398e-02 +1.59387e-02
+7.16845e+03 +3.54360e-03 +4.19775e-03 -2.36124e-03 -6.55899e-05
+7.16857e+03 +3.28873e-03 +5.05032e-03 +1.40310e-19 +1.50854e-02
+7.16870e+03 +3.61618e-03 +2.95142e-03 -3.08260e-03 +7.21459e-04
+7.16883e+03 +2.61707e-03 +4.65659e-03 +3.60722e-03 -9.18201e-03
+7.16896e+03 +3.78841e-03 +4.13181e-03 -6.55844e-04 -3.93506e-03
+7.16909e+03 +1.60236e-03 -5.64013e-03 -8.98487e-03 -9.44395e-03
+7.16922e+03 +1.43337e-03 -2.88559e-03 +2.20354e-02 -5.83676e-03
+7.16935e+03 +3.58623e-03 +2.75437e-03 -6.29569e-03 -1.04928e-03
+7.16948e+03 +3.78307e-03 +1.16730e-02 +5.50861e-03 +8.39408e-03
+7.16961e+03 +3.72246e-03 +1.44270e-03 +1.33122e-02 -1.04924e-03
+7.16974e+03 +4.09577e-03 +2.29516e-03 +6.55759e-04 +7.73796e-03
+7.16987e+03 +3.23035e-03 +1.40329e-02 +1.31805e-02 -2.75413e-03
+7.17000e+03 +4.55612e-03 +1.39015e-02 +4.98355e-03 +3.86881e-03
+7.17013e+03 +3.01203e-03 +1.77043e-02 -1.96715e-04 -3.40972e-03
+7.17026e+03 +2.17841e-03 +7.21272e-04 +5.50790e-03 -1.56713e-02
+7.17039e+03 +3.69515e-03 -3.40957e-03 +7.14699e-03 -8.78621e-03
+7.17052e+03 +3.17976e-03 +1.31135e-02 +1.39658e-02 +4.13074e-03
+7.17065e+03 +2.55866e-03 -1.05561e-02 -5.24527e-03 +4.98300e-03
+7.17078e+03 +2.00291e-03 -3.99943e-03 +1.40308e-02 -1.18016e-03
+7.17091e+03 +1.93052e-03 -5.84627e-19 +9.70331e-03 +7.86755e-03
+7.17104e+03 +1.05125e-03 +6.22834e-03 -2.31432e-02 -1.11455e-02
+7.17116e+03 +2.14019e-03 -1.08830e-02 +1.70456e-03 +1.50788e-03
+7.17129e+03 +3.53410e-03 +1.31773e-02 +1.50129e-02 +0.00000e+00
+7.17142e+03 +2.53815e-03 +1.31770e-02 +4.19565e-03 -2.16338e-03
+7.17155e+03 +3.13183e-03 -7.99778e-03 +8.32556e-03 +9.70223e-03
+7.17168e+03 +3.86349e-03 +2.22884e-03 +1.34386e-02 +1.31108e-03
+7.17181e+03 +2.20214e-03 +9.76734e-03 +6.16195e-03 +3.27763e-03
+7.17194e+03 +2.73428e-03 +3.47421e-03 -9.83267e-04 +3.40866e-03
+7.17207e+03 +2.53166e-03 -9.17695e-04 +2.81863e-03 +1.50764e-03
+7.17220e+03 +2.83755e-03 +1.20609e-02 +4.26063e-03 -7.21030e-04
+7.17233e+03 +2.25436e-03 -8.91434e-03 +3.04136e-02 -1.56001e-02
+7.17246e+03 +3.76303e-03 -2.75290e-03 -7.20997e-03 +2.62181e-03
+7.17259e+03 +1.67765e-03 +1.96631e-04 +4.39142e-03 -1.83522e-03
+7.17272e+03 +1.76696e-03 +1.00279e-02 +1.50747e-02 -2.09735e-03
+7.17285e+03 +3.37247e-03 +1.27804e-02 +1.50743e-03 +1.29115e-02
+7.17298e+03 +3.70472e-03 +9.17547e-04 +1.11416e-03 +1.41564e-02
+7.17311e+03 +1.95922e-03 +5.30854e-03 -6.16053e-03 +3.86672e-03
+7.17324e+03 +8.99810e-04 -8.06093e-03 +7.20896e-04 -5.24288e-03
+7.17337e+03 +2.35879e-03 +1.76943e-02 -9.63357e-03 +8.45395e-03
+7.17350e+03 +4.12523e-03 +5.89797e-03 +1.49415e-02 +1.07474e-02
+7.17363e+03 +1.35594e-03 +2.81785e-03 -8.45355e-03 +5.50464e-03
+7.17376e+03 +1.28634e-03 -5.11133e-03 +4.84921e-03 +1.17954e-03
+7.17388e+03 +2.08827e-03 +1.04845e-03 -1.23849e-02 +4.78357e-03
+7.17401e+03 +1.85667e-03 +1.31054e-04 +2.81765e-03 +3.40739e-03
+7.17414e+03 +1.99624e-03 +1.55950e-02 +2.29338e-03 -9.10800e-03
+7.17427e+03 +2.10697e-03 +8.97674e-03 +8.91121e-03 +1.06148e-02
+7.17440e+03 +2.12972e-03 +2.42432e-03 -6.74877e-03 +6.48668e-03
+7.17453e+03 +2.35003e-03 +4.84852e-03 -1.04833e-03 +1.83457e-03
+7.17466e+03 +2.35166e-03 +4.19321e-03 +5.11048e-03 +7.99331e-03
+7.17479e+03 +1.91778e-03 +5.24139e-04 -1.17931e-03 +1.23173e-02
+7.17492e+03 +1.55699e-03 +1.15963e-02 +2.29305e-03 -8.05844e-03
+7.17505e+03 +3.30345e-03 +8.77890e-03 +5.11011e-03 -2.62057e-04
+7.17518e+03 +2.36434e-03 +1.86056e-02 +4.84793e-03 -4.97896e-03
+7.17531e+03 +3.53094e-03 +1.15954e-02 +9.43358e-03 +1.42814e-02
+7.17544e+03 +8.57754e-04 -1.20537e-02 +4.65117e-03 +1.96528e-04
+7.17557e+03 +2.12323e-03 +1.13984e-02 +1.20534e-02 +5.89570e-03
+7.17570e+03 +2.29781e-03 -5.56803e-03 +1.76867e-03 +5.56803e-03
+7.17583e+03 +1.42354e-03 +3.66826e-03 +3.01321e-03 -1.96514e-04
+7.17596e+03 +1.91541e-03 +9.17041e-04 +8.64639e-03 +1.04805e-03
+7.17609e+03 +2.24397e-03 +1.31003e-03 +2.42355e-03 +4.51959e-03
+7.17622e+03 +3.29238e-03 +6.54997e-05 -1.19209e-02 +5.56748e-03
+7.17635e+03 +1.10281e-03 +1.50646e-03 +1.12002e-02 +1.14622e-02
+7.17647e+03 +2.13612e-03 -3.66780e-03 +1.41472e-02 +9.88996e-03
+7.17660e+03 +5.52767e-04 +1.16581e-02 +8.51433e-04 -3.14375e-03
+7.17673e+03 +1.34950e-03 -1.10683e-02 +1.83381e-02 +5.30495e-03
+7.17686e+03 +1.27481e-03 -6.54915e-05 +3.66753e-03 -4.58441e-03
+7.17699e+03 +1.92952e-03 +1.17882e-03 +2.22666e-03 +5.56664e-03
+7.17712e+03 +1.73840e-03 -6.48334e-03 +6.28687e-03 -6.35236e-03
+7.17725e+03 +1.74173e-03 -3.27433e-04 +4.84601e-03 -1.13947e-02
+7.17738e+03 +3.31297e-03 -5.89364e-04 -5.17331e-03 +9.82274e-04
+7.17751e+03 +1.07658e-03 +5.10769e-03 +4.05996e-03 +8.51282e-04
+7.17764e+03 +3.19955e-03 -2.02993e-03 +1.76800e-03 -4.32178e-03
+7.17777e+03 +4.93354e-03 +6.94087e-03 +8.97075e-03 -6.54799e-03
+7.17790e+03 +2.90144e-03 +1.51910e-02 +1.10658e-02 +6.54782e-03
+7.17803e+03 +1.90093e-03 +7.20242e-03 +1.19167e-02 +7.00599e-03
+7.17816e+03 +1.19050e-03 +8.11889e-03 +1.70235e-03 +1.04105e-02
+7.17829e+03 +5.56455e-04 -1.13269e-02 +6.41637e-03 -6.48185e-03
+7.17842e+03 +1.81382e-03 +5.95791e-03 -5.23772e-04 +7.39828e-03
+7.17855e+03 +7.46402e-04 -6.80886e-03 -1.70221e-03 -7.85638e-04
+7.17868e+03 +1.72272e-03 -3.66621e-03 +1.17188e-02 +1.45994e-02
+7.17881e+03 +1.03482e-03 +6.54664e-03 -3.73158e-03 -2.81506e-03
+7.17894e+03 +1.32436e-03 +1.25038e-02 +1.57115e-03 -4.05881e-03
+7.17906e+03 +6.69570e-04 +1.76750e-03 -1.30926e-03 -6.21898e-03
+7.17919e+03 +3.00795e-04 +1.10630e-02 +4.32044e-03 +1.63653e-03
+7.17932e+03 +2.07120e-03 -8.50974e-04 -9.49163e-03 +3.27298e-03
+7.17945e+03 +1.00203e-03 -3.79655e-03 +9.81867e-04 -7.13490e-03
+7.17958e+03 +1.41461e-03 +7.13471e-03 +4.38556e-03 +1.89823e-03
+7.17971e+03 +2.65906e-04 +1.83272e-03 +6.21816e-03 +1.35491e-02
+7.17984e+03 +1.37186e-03 -9.16337e-04 -8.50884e-03 -1.83267e-03
+7.17997e+03 +2.34943e-03 -8.24681e-03 -6.67599e-03 +1.27629e-02
+7.18010e+03 +4.26354e-03 +5.62863e-03 -2.15982e-03 +1.47915e-02
+7.18023e+03 +5.73076e-04 +1.76708e-03 -1.17805e-03 -6.54474e-05
+7.18036e+03 +1.66344e-03 -2.61783e-04 +1.63614e-03 -1.50525e-03
+7.18049e+03 -1.03159e-03 +5.23551e-03 +2.61776e-03 -9.22759e-03
+7.18062e+03 +1.56729e-04 -1.96326e-04 +3.92653e-04 +4.12285e-03
+7.18075e+03 +2.50961e-03 +9.75061e-03 +2.09409e-03 -1.17793e-03
+7.18088e+03 +1.95570e-03 -4.31895e-03 -1.57053e-03 +1.48546e-02
+7.18101e+03 -2.37759e-04 +1.06008e-02 -4.90776e-03 -1.15169e-02
+7.18114e+03 +6.92113e-04 -3.46806e-03 -3.27175e-03 +3.53349e-03
+7.18127e+03 +1.46301e-04 +5.82356e-03 -6.93592e-03 +7.72112e-03
+7.18140e+03 +8.39787e-04 +6.41228e-03 +3.46787e-03 +1.83208e-03
+7.18152e+03 -1.39363e-04 -2.61719e-03 +3.99121e-03 -1.11230e-02
+7.18165e+03 +1.70133e-03 +2.61712e-03 +9.68333e-03 +6.80450e-03
+7.18178e+03 +7.55663e-04 -4.90696e-03 -1.05336e-02 -2.48619e-03
+7.18191e+03 +6.41848e-04 -2.04778e-02 +1.04025e-02 -4.44885e-03
+7.18204e+03 +1.53791e-04 -2.28979e-03 -1.26265e-02 -1.37387e-03
+7.18217e+03 +1.00245e-03 +5.49534e-03 +2.48599e-03 -3.79440e-03
+7.18230e+03 +8.64924e-04 -3.85971e-03 +1.02708e-02 +1.13829e-02
+7.18243e+03 +7.56352e-04 -8.89672e-03 -1.17751e-03 -7.13046e-03
+7.18256e+03 +9.59883e-04 -1.00085e-02 -9.15813e-03 +7.32650e-03
+7.18269e+03 +1.98456e-03 -1.89699e-03 +1.51105e-02 +1.31481e-02
+7.18282e+03 +2.61976e-04 +8.76515e-03 +5.82163e-03 +2.74729e-03
+7.18295e+03 -8.07163e-05 +7.06425e-03 +9.15736e-04 -5.82147e-03
+7.18308e+03 +1.86674e-04 +7.12946e-03 +1.14464e-02 +6.01753e-03
+7.18321e+03 +1.11763e-03 -5.42870e-03 +6.80223e-03 -6.54061e-04
+7.18334e+03 +1.49649e-03 +1.36695e-02 -9.54901e-03 +7.52148e-03
+7.18347e+03 +7.43828e-04 +4.25115e-03 +1.11184e-02 +1.22302e-02
+7.18360e+03 +2.36810e-04 +5.23204e-03 +2.68142e-03 +6.99785e-03
+7.18373e+03 +2.61637e-03 +2.81214e-03 +7.71704e-03 -5.36269e-03
+7.18386e+03 +1.22200e-03 -6.53968e-04 -7.58603e-03 +8.76317e-03
+7.18399e+03 -1.28846e-03 -4.51225e-03 +3.13896e-03 -5.55857e-03
+7.18411e+03 +1.47586e-03 +1.11168e-03 +4.38133e-03 +1.02013e-02
+7.18424e+03 -2.06440e-04 -5.23129e-04 -4.64277e-03 -3.53112e-03
+7.18437e+03 +1.21540e-03 -3.85797e-03 -1.50395e-03 +1.83090e-02
+7.18450e+03 +1.37946e-03 -1.05928e-02 +3.92324e-03 +1.17697e-03
+7.18463e+03 +1.82108e-03 -6.27701e-03 +2.48465e-03 +1.47117e-02
+7.18476e+03 -9.59736e-04 +1.64113e-02 -4.11917e-03 -2.74611e-03
+7.18489e+03 -5.83740e-03 +6.60356e-03 -2.03337e-02 -9.15344e-03
+7.18502e+03 +5.77861e-04 +1.15069e-02 -4.11893e-03 -3.13823e-03
+7.18515e+03 +5.95326e-04 +9.15291e-04 +1.45139e-02 +3.66116e-03
+7.18528e+03 +4.76003e-04 -3.33418e-03 +1.14408e-02 -1.83053e-03
+7.18541e+03 +1.52453e-03 -9.34850e-03 -3.53020e-03 +6.27592e-03
+7.18554e+03 -3.67866e-04 -1.17670e-03 -8.62913e-03 +1.49702e-02
+7.18567e+03 +1.58537e-03 +3.33388e-03 +2.02648e-02 +1.69963e-03
+7.18580e+03 +5.71470e-04 -3.26842e-04 +1.31390e-02 -8.49789e-03
+7.18593e+03 +7.46796e-04 +1.42499e-02 -3.20296e-03 +9.15130e-04
+7.18606e+03 +1.17553e-03 +1.81060e-02 -7.38619e-03 +1.00008e-02
+7.18619e+03 +5.06228e-04 -4.18321e-03 +5.49046e-03 +4.96756e-03
+7.18632e+03 -1.49782e-05 +6.40534e-03 +8.69297e-03 +4.57524e-04
+7.18645e+03 +5.92396e-04 +5.42477e-03 +3.66009e-03 -5.88228e-03
+7.18658e+03 +1.09250e-03 -5.88211e-04 +5.62068e-03 -5.81675e-03
+7.18670e+03 +2.00915e-04 -1.24174e-03 +4.05200e-03 +6.01264e-03
+7.18683e+03 +2.04516e-03 +1.82988e-03 +4.05188e-03 +8.29981e-03
+7.18696e+03 +1.33167e-03 -1.28741e-02 -7.58070e-03 -1.13711e-02
+7.18709e+03 -7.49277e-04 -6.20815e-03 +1.39847e-02 -5.88140e-04
+7.18722e+03 -5.69117e-03 -5.09706e-03 +1.11090e-03 -2.45051e-02
+7.18735e+03 +9.22859e-04 +5.48898e-03 +3.92070e-04 -2.80983e-03
+7.18748e+03 +1.67097e-03 +6.59964e-03 -7.18773e-03 -1.82960e-03
+7.18761e+03 +8.63225e-04 -1.05199e-02 +7.18751e-03 +5.16194e-03
+7.18774e+03 +7.21593e-04 +4.83509e-03 -9.40882e-03 -1.56814e-03
+7.18787e+03 +2.32229e-03 +2.67882e-03 +8.49382e-03 +5.22697e-03
+7.18800e+03 +1.19985e-03 +1.96005e-02 -7.84021e-03 +1.03229e-02
+7.18813e+03 +9.49967e-04 -7.77464e-03 -3.46265e-03 +4.31198e-03
+7.18826e+03 +1.47216e-03 +5.22649e-04 +1.28702e-02 +3.91986e-03
+7.18839e+03 +2.40587e-03 +8.62344e-03 +9.79936e-03 +5.94495e-03
+7.18852e+03 +1.50658e-03 +3.78897e-03 +1.16282e-02 +9.92972e-03
+7.18865e+03 -5.75660e-05 +6.07523e-03 +1.05173e-02 +9.99473e-03
+7.18878e+03 +7.23206e-04 +5.29117e-03 -1.95969e-03 +2.54760e-03
+7.18891e+03 +1.78480e-03 -3.07009e-03 +1.50238e-02 -2.28624e-03
+7.18904e+03 +9.55937e-04 +8.75275e-03 +3.33127e-03 +3.91914e-04
+7.18917e+03 +6.49260e-04 +6.27043e-03 +1.10386e-02 +3.65775e-03
+7.18930e+03 +1.10947e-03 +5.87835e-04 -7.44590e-03 -5.81303e-03
+7.18942e+03 +7.34298e-04 -1.61323e-02 +1.05154e-02 -5.35566e-03
+7.18955e+03 +1.93446e-03 +9.60070e-03 -5.81267e-03 -9.33945e-03
+7.18968e+03 +1.21679e-04 +6.00841e-03 +5.02878e-03 -5.94310e-03
+7.18981e+03 +1.28861e-03 +8.03273e-03 +8.88172e-03 -4.63678e-03
+7.18994e+03 +7.85983e-04 +8.03248e-03 +4.57133e-03 -6.20395e-03
+7.19007e+03 -1.35841e-04 +7.96693e-03 -9.07707e-03 -4.24467e-03
+7.19020e+03 -5.99102e-04 -4.44044e-03 +7.18307e-03 -5.61585e-03
+7.19033e+03 +1.04324e-03 +1.30597e-04 +1.43657e-03 +7.44404e-03
+7.19046e+03 -1.37728e-04 +1.05780e-02 +6.20317e-03 -8.03147e-03
+7.19059e+03 +1.33231e-04 +6.72533e-03 -7.83533e-03 +6.59474e-03
+7.19072e+03 -3.80700e-05 +6.72511e-03 -5.22339e-04 -3.85225e-03
+7.19085e+03 +1.46968e-03 +1.69102e-02 +2.08929e-03 -5.22322e-04
+7.19098e+03 +5.75018e-04 -1.28618e-02 -8.35689e-03 -1.17519e-03
