# threshold = 0.02
# E Abs
+7.05850e+03 -1.00000e+00 -1.00000e+00 -1.00000e+00
+7.05863e+03 -1.00000e+00 -1.00000e+00 -1.00000e+00
+7.05876e+03 -1.00000e+00 -1.00000e+00 -1.00000e+00
+7.05889e+03 -1.00000e+00 -1.00000e+00 -1.00000e+00
+7.05902e+03 -1.00000e+00 -1.00000e+00 -1.00000e+00
+7.05915e+03 -1.00000e+00 -1.00000e+00 -1.00000e+00
+7.05928e+03 -1.00000e+00 -1.00000e+00 -1.00000e+00
+7.05941e+03 -1.00000e+00 -1.00000e+00 -1.00000e+00
+7.05954e+03 -1.00000e+00 -1.00000e+00 -1.00000e+00
+7.05967e+03 -1.00000e+00 -1.00000e+00 -1.00000e+00
+7.05980e+03 -1.00000e+00 -1.00000e+00 -1.00000e+00
+7.05992e+03 -1.00000e+00 -1.00000e+00 -1.00000e+00
+7.06005e+03 -1.00000e+00 -1.00000e+00 -1.00000e+00
+7.06018e+03 -1.00000e+00 -1.00000e+00 -1.00000e+00
+7.06031e+03 -1.00000e+00 -1.00000e+00 -1.00000e+00
+7.06044e+03 -1.00000e+00 -1.00000e+00 -1.00000e+00
+7.06057e+03 -1.00000e+00 -1.00000e+00 -1.00000e+00
+7.06070e+03 -1.00000e+00 -1.00000e+00 -1.00000e+00
+7.06083e+03 -1.00000e+00 -1.00000e+00 -1.00000e+00
+7.06096e+03 -1.00000e+00 -1.00000e+00 -1.00000e+00
+7.06109e+03 -1.00000e+00 -1.00000e+00 -1.00000e+00
+7.06122e+03 -1.00000e+00 -1.00000e+00 -1.00000e+00
+7.06135e+03 -1.00000e+00 -1.00000e+00 -1.00000e+00
+7.06148e+03 -1.00000e+00 -1.00000e+00 -1.00000e+00
+7.06161e+03 -1.00000e+00 -1.00000e+00 -1.00000e+00
+7.06174e+03 -1.00000e+00 -1.00000e+00 -1.00000e+00
+7.06187e+03 -1.00000e+00 -1.00000e+00 -1.00000e+00
+7.06200e+03 -1.00000e+00 -1.00000e+00 -1.00000e+00
+7.06213e+03 -1.00000e+00 -1.00000e+00 -1.00000e+00
+7.06226e+03 -1.00000e+00 -1.00000e+00 -1.00000e+00
+7.06239e+03 -1.00000e+00 -1.00000e+00 -1.00000e+00
+7.06251e+03 -1.00000e+00 -1.00000e+00 -1.00000e+00
+7.06264e+03 -1.00000e+00 -1.00000e+00 -1.00000e+00
+7.06277e+03 -1.00000e+00 -1.00000e+00 -1.00000e+00
+7.06290e+03 -1.00000e+00 -1.00000e+00 -1.00000e+00
+7.06303e+03 -1.00000e+00 -1.00000e+00 -1.00000e+00
+7.06316e+03 -1.00000e+00 -1.00000e+00 -1.00000e+00
+7.06329e+03 -1.00000e+00 -1.00000e+00 -1.00000e+00
+7.06342e+03 -1.00000e+00 -1.00000e+00 -1.00000e+00
+7.06355e+03 -1.00000e+00 -1.00000e+00 -1.00000e+00
+7.06368e+03 -1.00000e+00 -1.00000e+00 -1.00000e+00
+7.06381e+03 -1.00000e+00 -1.00000e+00 -1.00000e+00
+7.06394e+03 -1.00000e+00 -1.00000e+00 -1.00000e+00
+7.06407e+03 -1.00000e+00 -1.00000e+00 -1.00000e+00
+7.06420e+03 -1.00000e+00 -1.00000e+00 -1.00000e+00
+7.06433e+03 -1.00000e+00 -1.00000e+00 -1.00000e+00
+7.06446e+03 -1.00000e+00 -1.00000e+00 -1.00000e+00
+7.06459e+03 -1.00000e+00 -1.00000e+00 -1.00000e+00
+7.06472e+03 -1.00000e+00 -1.00000e+00 -1.00000e+00
+7.06485e+03 -1.00000e+00 -1.00000e+00 -1.00000e+00
+7.06498e+03 -1.00000e+00 -1.00000e+00 -1.00000e+00
+7.06510e+03 -1.00000e+00 -1.00000e+00 -1.00000e+00
+7.06523e+03 -1.00000e+00 -1.00000e+00 -1.00000e+00
+7.06536e+03 -1.00000e+00 -1.00000e+00 -1.00000e+00
+7.06549e+03 -1.00000e+00 -1.00000e+00 -1.00000e+00
+7.06562e+03 -1.00000e+00 -1.00000e+00 -1.00000e+00
+7.06575e+03 -1.00000e+00 -1.00000e+00 -1.00000e+00
+7.06588e+03 -1.00000e+00 -1.00000e+00 -1.00000e+00
+7.06601e+03 -1.00000e+00 -1.00000e+00 -1.00000e+00
+7.06614e+03 -1.00000e+00 -1.00000e+00 -1.00000e+00
+7.06627e+03 -1.00000e+00 -1.00000e+00 -1.00000e+00
+7.06640e+03 -1.00000e+00 -1.00000e+00 -1.00000e+00
+7.06653e+03 -1.00000e+00 -1.00000e+00 -1.00000e+00
+7.06666e+03 -1.00000e+00 -1.00000e+00 -1.00000e+00
+7.06679e+03 -1.00000e+00 -1.00000e+00 -1.00000e+00
+7.06692e+03 -1.00000e+00 -1.00000e+00 -1.00000e+00
+7.06705e+03 -1.00000e+00 -1.00000e+00 -1.00000e+00
+7.06718e+03 -1.00000e+00 -1.00000e+00 -1.00000e+00
+7.06731e+03 -1.00000e+00 -1.00000e+00 -1.00000e+00
+7.06744e+03 -1.00000e+00 -1.00000e+00 -1.00000e+00
+7.06756e+03 -1.00000e+00 -1.00000e+00 -1.00000e+00
+7.06769e+03 -1.00000e+00 -1.00000e+00 -1.00000e+00
+7.06782e+03 -1.00000e+00 -1.00000e+00 -1.00000e+00
+7.06795e+03 -1.00000e+00 -1.00000e+00 -1.00000e+00
+7.06808e+03 -1.00000e+00 -1.00000e+00 -1.00000e+00
+7.06821e+03 -1.00000e+00 -1.00000e+00 -1.00000e+00
+7.06834e+03 -1.00000e+00 -1.00000e+00 -1.00000e+00
+7.06847e+03 -1.00000e+00 -1.00000e+00 -1.00000e+00
+7.06860e+03 -1.00000e+00 -1.00000e+00 -1.00000e+00
+7.06873e+03 -1.00000e+00 -1.00000e+00 -1.00000e+00
+7.06886e+03 -1.00000e+00 -1.00000e+00 -1.00000e+00
+7.06899e+03 -1.00000e+00 -1.00000e+00 -1.00000e+00
+7.06912e+03 -1.00000e+00 -1.00000e+00 -1.00000e+00
+7.06925e+03 -1.00000e+00 -1.00000e+00 -1.00000e+00
+7.06938e+03 -1.00000e+00 -1.00000e+00 -1.00000e+00
+7.06951e+03 -1.00000e+00 -1.00000e+00 -1.00000e+00
+7.06964e+03 -1.00000e+00 -1.00000e+00 -1.00000e+00
+7.06977e+03 -1.00000e+00 -1.00000e+00 -1.00000e+00
+7.06990e+03 -1.00000e+00 -1.00000e+00 -1.00000e+00
+7.07003e+03 -1.00000e+00 -1.00000e+00 -1.00000e+00
+7.07015e+03 -1.00000e+00 -1.00000e+00 -1.00000e+00
+7.07028e+03 -1.00000e+00 -1.00000e+00 -1.00000e+00
+7.07041e+03 -1.00000e+00 -1.00000e+00 -1.00000e+00
+7.07054e+03 -1.00000e+00 -1.00000e+00 -1.00000e+00
+7.07067e+03 -1.00000e+00 -1.00000e+00 -1.00000e+00
+7.07080e+03 -1.00000e+00 -1.00000e+00 -1.00000e+00
+7.07093e+03 -1.00000e+00 -1.00000e+00 -1.00000e+00
+7.07106e+03 -1.00000e+00 -1.00000e+00 -1.00000e+00
+7.07119e+03 -1.00000e+00 -1.00000e+00 -1.00000e+00
+7.07132e+03 -1.00000e+00 -1.00000e+00 -1.00000e+00
+7.07145e+03 -1.00000e+00 -1.00000e+00 -1.00000e+00
+7.07158e+03 -1.00000e+00 -1.00000e+00 -1.00000e+00
+7.07171e+03 -1.00000e+00 -1.00000e+00 -1.00000e+00
+7.07184e+03 -1.00000e+00 -1.00000e+00 -1.00000e+00
+7.07197e+03 -1.00000e+00 -1.00000e+00 -1.00000e+00
+7.07210e+03 -1.00000e+00 -1.00000e+00 -1.00000e+00
+7.07223e+03 -1.00000e+00 -1.00000e+00 -1.00000e+00
+7.07236e+03 -1.00000e+00 -1.00000e+00 -1.00000e+00
+7.07249e+03 -1.00000e+00 -1.00000e+00 -1.00000e+00
+7.07262e+03 -1.00000e+00 -1.00000e+00 -1.00000e+00
+7.07274e+03 -1.00000e+00 -1.00000e+00 -1.00000e+00
+7.07287e+03 -1.00000e+00 -1.00000e+00 -1.00000e+00
+7.07300e+03 -1.00000e+00 -1.00000e+00 -1.00000e+00
+7.07313e+03 -1.00000e+00 -1.00000e+00 -1.00000e+00
+7.07326e+03 -1.00000e+00 -1.00000e+00 -1.00000e+00
+7.07339e+03 -1.00000e+00 -1.00000e+00 -1.00000e+00
+7.07352e+03 -1.00000e+00 -1.00000e+00 -1.00000e+00
+7.07365e+03 -1.00000e+00 -1.00000e+00 -1.00000e+00
+7.07378e+03 -1.00000e+00 -1.00000e+00 -1.00000e+00
+7.07391e+03 -1.00000e+00 -1.00000e+00 -1.00000e+00
+7.07404e+03 -1.00000e+00 -1.00000e+00 -1.00000e+00
+7.07417e+03 -1.00000e+00 -1.00000e+00 -1.00000e+00
+7.07430e+03 -1.00000e+00 -1.00000e+00 -1.00000e+00
+7.07443e+03 -1.00000e+00 -1.00000e+00 -1.00000e+00
+7.07456e+03 -1.00000e+00 -1.00000e+00 -1.00000e+00
+7.07469e+03 -1.00000e+00 -1.00000e+00 -1.00000e+00
+7.07482e+03 -1.00000e+00 -1.00000e+00 -1.00000e+00
+7.07495e+03 -1.00000e+00 -1.00000e+00 -1.00000e+00
+7.07508e+03 -1.00000e+00 -1.00000e+00 -1.00000e+00
+7.07521e+03 -1.00000e+00 -1.00000e+00 -1.00000e+00
+7.07534e+03 -1.00000e+00 -1.00000e+00 -1.00000e+00
+7.07546e+03 -1.00000e+00 -1.00000e+00 -1.00000e+00
+7.07559e+03 -1.00000e+00 -1.00000e+00 -1.00000e+00
+7.07572e+03 -1.00000e+00 -1.00000e+00 -1.00000e+00
+7.07585e+03 -1.00000e+00 -1.00000e+00 -1.00000e+00
+7.07598e+03 -1.00000e+00 -1.00000e+00 -1.00000e+00
+7.07611e+03 -1.00000e+00 -1.00000e+00 -1.00000e+00
+7.07624e+03 -1.00000e+00 -1.00000e+00 -1.00000e+00
+7.07637e+03 -1.00000e+00 -1.00000e+00 -1.00000e+00
+7.07650e+03 -1.00000e+00 -1.00000e+00 -1.00000e+00
+7.07663e+03 -1.00000e+00 -1.00000e+00 -1.00000e+00
+7.07676e+03 -1.00000e+00 -1.00000e+00 -1.00000e+00
+7.07689e+03 -1.00000e+00 -1.00000e+00 -1.00000e+00
+7.07702e+03 -1.00000e+00 -1.00000e+00 -1.00000e+00
+7.07715e+03 -1.00000e+00 -1.00000e+00 -1.00000e+00
+7.07728e+03 -1.00000e+00 -1.00000e+00 -1.00000e+00
+7.07741e+03 -1.00000e+00 -1.00000e+00 -1.00000e+00
+7.07754e+03 -1.00000e+00 -1.00000e+00 -1.00000e+00
+7.07767e+03 -1.00000e+00 -1.00000e+00 -1.00000e+00
+7.07780e+03 -1.00000e+00 -1.00000e+00 -1.00000e+00
+7.07793e+03 -1.00000e+00 -1.00000e+00 -1.00000e+00
+7.07805e+03 -1.00000e+00 -1.00000e+00 -1.00000e+00
+7.07818e+03 -1.00000e+00 -1.00000e+00 -1.00000e+00
+7.07831e+03 -1.00000e+00 -1.00000e+00 -1.00000e+00
+7.07844e+03 -1.00000e+00 -1.00000e+00 -1.00000e+00
+7.07857e+03 -1.00000e+00 -1.00000e+00 -1.00000e+00
+7.07870e+03 -1.00000e+00 -1.00000e+00 -1.00000e+00
+7.07883e+03 -1.00000e+00 -1.00000e+00 -1.00000e+00
+7.07896e+03 -1.00000e+00 -1.00000e+00 -1.00000e+00
+7.07909e+03 -1.00000e+00 -1.00000e+00 -1.00000e+00
+7.07922e+03 -1.00000e+00 -1.00000e+00 -1.00000e+00
+7.07935e+03 -1.00000e+00 -1.00000e+00 -1.00000e+00
+7.07948e+03 -1.00000e+00 -1.00000e+00 -1.00000e+00
+7.07961e+03 -1.00000e+00 -1.00000e+00 -1.00000e+00
+7.07974e+03 -1.00000e+00 -1.00000e+00 -1.00000e+00
+7.07987e+03 -1.00000e+00 -1.00000e+00 -1.00000e+00
+7.08000e+03 -1.00000e+00 -1.00000e+00 -1.00000e+00
+7.08013e+03 -1.00000e+00 -1.00000e+00 -1.00000e+00
+7.08026e+03 -1.00000e+00 -1.00000e+00 -1.00000e+00
+7.08039e+03 -1.00000e+00 -1.00000e+00 -1.00000e+00
+7.08052e+03 -1.00000e+00 -1.00000e+00 -1.00000e+00
+7.08064e+03 -1.00000e+00 -1.00000e+00 -1.00000e+00
+7.08077e+03 -1.00000e+00 -1.00000e+00 -1.00000e+00
+7.08090e+03 -1.00000e+00 -1.00000e+00 -1.00000e+00
+7.08103e+03 -1.00000e+00 -1.00000e+00 -1.00000e+00
+7.08116e+03 -1.00000e+00 -1.00000e+00 -1.00000e+00
+7.08129e+03 -1.00000e+00 -1.00000e+00 -1.00000e+00
+7.08142e+03 -1.00000e+00 -1.00000e+00 -1.00000e+00
+7.08155e+03 -1.00000e+00 -1.00000e+00 -1.00000e+00
+7.08168e+03 -1.00000e+00 -1.00000e+00 -1.00000e+00
+7.08181e+03 -1.00000e+00 -1.00000e+00 -1.00000e+00
+7.08194e+03 -1.00000e+00 -1.00000e+00 -1.00000e+00
+7.08207e+03 -1.00000e+00 -1.00000e+00 -1.00000e+00
+7.08220e+03 -1.00000e+00 -1.00000e+00 -1.00000e+00
+7.08233e+03 -1.00000e+00 -1.00000e+00 -1.00000e+00
+7.08246e+03 -1.00000e+00 -1.00000e+00 -1.00000e+00
+7.08259e+03 -1.00000e+00 -1.00000e+00 -1.00000e+00
+7.08272e+03 -1.00000e+00 -1.00000e+00 -1.00000e+00
+7.08285e+03 -1.00000e+00 -1.00000e+00 -1.00000e+00
+7.08298e+03 -1.00000e+00 -1.00000e+00 -1.00000e+00
+7.08310e+03 -1.00000e+00 -1.00000e+00 -1.00000e+00
+7.08323e+03 -1.00000e+00 -1.00000e+00 -1.00000e+00
+7.08336e+03 -1.00000e+00 -1.00000e+00 -1.00000e+00
+7.08349e+03 -1.00000e+00 -1.00000e+00 -1.00000e+00
+7.08362e+03 -1.00000e+00 -1.00000e+00 -1.00000e+00
+7.08375e+03 -1.00000e+00 -1.00000e+00 -1.00000e+00
+7.08388e+03 -1.00000e+00 -1.00000e+00 -1.00000e+00
+7.08401e+03 -1.00000e+00 -1.00000e+00 -1.00000e+00
+7.08414e+03 -1.00000e+00 -1.00000e+00 -1.00000e+00
+7.08427e+03 -1.00000e+00 -1.00000e+00 -1.00000e+00
+7.08440e+03 -1.00000e+00 -1.00000e+00 -1.00000e+00
+7.08453e+03 -1.00000e+00 -1.00000e+00 -1.00000e+00
+7.08466e+03 -1.00000e+00 -1.00000e+00 -1.00000e+00
+7.08479e+03 -1.00000e+00 -1.00000e+00 -1.00000e+00
+7.08492e+03 -1.00000e+00 -1.00000e+00 -1.00000e+00
+7.08505e+03 -1.00000e+00 -1.00000e+00 -1.00000e+00
+7.08518e+03 -1.00000e+00 -1.00000e+00 -1.00000e+00
+7.08531e+03 -1.00000e+00 -1.00000e+00 -1.00000e+00
+7.08544e+03 -1.00000e+00 -1.00000e+00 -1.00000e+00
+7.08557e+03 -1.00000e+00 -1.00000e+00 -1.00000e+00
+7.08569e+03 -1.00000e+00 -1.00000e+00 -1.00000e+00
+7.08582e+03 -1.00000e+00 -1.00000e+00 -1.00000e+00
+7.08595e+03 -1.00000e+00 -1.00000e+00 -1.00000e+00
+7.08608e+03 -1.00000e+00 -1.00000e+00 -1.00000e+00
+7.08621e+03 -1.00000e+00 -1.00000e+00 -1.00000e+00
+7.08634e+03 -1.00000e+00 -1.00000e+00 -1.00000e+00
+7.08647e+03 -1.00000e+00 -1.00000e+00 -1.00000e+00
+7.08660e+03 -1.00000e+00 -1.00000e+00 -1.00000e+00
+7.08673e+03 -1.00000e+00 -1.00000e+00 -1.00000e+00
+7.08686e+03 -1.00000e+00 -1.00000e+00 -1.00000e+00
+7.08699e+03 -1.00000e+00 -1.00000e+00 -1.00000e+00
+7.08712e+03 -1.00000e+00 -1.00000e+00 -1.00000e+00
+7.08725e+03 -1.00000e+00 -1.00000e+00 -1.00000e+00
+7.08738e+03 -1.00000e+00 -1.00000e+00 -1.00000e+00
+7.08751e+03 -1.00000e+00 -1.00000e+00 -1.00000e+00
+7.08764e+03 -1.00000e+00 -1.00000e+00 -1.00000e+00
+7.08777e+03 -1.00000e+00 -1.00000e+00 -1.00000e+00
+7.08790e+03 -1.00000e+00 -1.00000e+00 -1.00000e+00
+7.08803e+03 -1.00000e+00 -1.00000e+00 -1.00000e+00
+7.08816e+03 -1.00000e+00 -1.00000e+00 -1.00000e+00
+7.08828e+03 -1.00000e+00 -1.00000e+00 -1.00000e+00
+7.08841e+03 -1.00000e+00 -1.00000e+00 -1.00000e+00
+7.08854e+03 -1.00000e+00 -1.00000e+00 -1.00000e+00
+7.08867e+03 -1.00000e+00 -1.00000e+00 -1.00000e+00
+7.08880e+03 -1.00000e+00 -1.00000e+00 -1.00000e+00
+7.08893e+03 -1.00000e+00 -1.00000e+00 -1.00000e+00
+7.08906e+03 -1.00000e+00 -1.00000e+00 -1.00000e+00
+7.08919e+03 -1.00000e+00 -1.00000e+00 -1.00000e+00
+7.08932e+03 -1.00000e+00 -1.00000e+00 -1.00000e+00
+7.08945e+03 -1.00000e+00 -1.00000e+00 -1.00000e+00
+7.08958e+03 -1.00000e+00 -1.00000e+00 -1.00000e+00
+7.08971e+03 -1.00000e+00 -1.00000e+00 -1.00000e+00
+7.08984e+03 -1.00000e+00 -1.00000e+00 -1.00000e+00
+7.08997e+03 -1.00000e+00 -1.00000e+00 -1.00000e+00
+7.09010e+03 -1.00000e+00 -1.00000e+00 -1.00000e+00
+7.09023e+03 -1.00000e+00 -1.00000e+00 -1.00000e+00
+7.09036e+03 -1.00000e+00 -1.00000e+00 -1.00000e+00
+7.09049e+03 -1.00000e+00 -1.00000e+00 -1.00000e+00
+7.09062e+03 -1.00000e+00 -1.00000e+00 -1.00000e+00
+7.09075e+03 -1.00000e+00 -1.00000e+00 -1.00000e+00
+7.09088e+03 -1.00000e+00 -1.00000e+00 -1.00000e+00
+7.09100e+03 -1.00000e+00 -1.00000e+00 -1.00000e+00
+7.09113e+03 -1.00000e+00 -1.00000e+00 -1.00000e+00
+7.09126e+03 -1.00000e+00 -1.00000e+00 -1.00000e+00
+7.09139e+03 -1.00000e+00 -1.00000e+00 -1.00000e+00
+7.09152e+03 -1.00000e+00 -1.00000e+00 -1.00000e+00
+7.09165e+03 -1.00000e+00 -1.00000e+00 -1.00000e+00
+7.09178e+03 -1.00000e+00 -1.00000e+00 -1.00000e+00
+7.09191e+03 -1.00000e+00 -1.00000e+00 -1.00000e+00
+7.09204e+03 -1.00000e+00 -1.00000e+00 -1.00000e+00
+7.09217e+03 -1.00000e+00 -1.00000e+00 -1.00000e+00
+7.09230e+03 -1.00000e+00 -1.00000e+00 -1.00000e+00
+7.09243e+03 -1.00000e+00 -1.00000e+00 -1.00000e+00
+7.09256e+03 -1.00000e+00 -1.00000e+00 -1.00000e+00
+7.09269e+03 -1.00000e+00 -1.00000e+00 -1.00000e+00
+7.09282e+03 -1.00000e+00 -1.00000e+00 -1.00000e+00
+7.09295e+03 -1.00000e+00 -1.00000e+00 -1.00000e+00
+7.09308e+03 -1.00000e+00 -1.00000e+00 -1.00000e+00
+7.09321e+03 -1.00000e+00 -1.00000e+00 -1.00000e+00
+7.09334e+03 -1.00000e+00 -1.00000e+00 -1.00000e+00
+7.09347e+03 -1.00000e+00 -1.00000e+00 -1.00000e+00
+7.09359e+03 -1.00000e+00 -1.00000e+00 -1.00000e+00
+7.09372e+03 -1.00000e+00 -1.00000e+00 -1.00000e+00
+7.09385e+03 -1.00000e+00 -1.00000e+00 -1.00000e+00
+7.09398e+03 -1.00000e+00 -1.00000e+00 -1.00000e+00
+7.09411e+03 -1.00000e+00 -1.00000e+00 -1.00000e+00
+7.09424e+03 -1.00000e+00 -1.00000e+00 -1.00000e+00
+7.09437e+03 -1.00000e+00 -1.00000e+00 -1.00000e+00
+7.09450e+03 -1.00000e+00 -1.00000e+00 -1.00000e+00
+7.09463e+03 -1.00000e+00 -1.00000e+00 -1.00000e+00
+7.09476e+03 -1.00000e+00 -1.00000e+00 -1.00000e+00
+7.09489e+03 -1.00000e+00 -1.00000e+00 -1.00000e+00
+7.09502e+03 -1.00000e+00 -1.00000e+00 -1.00000e+00
+7.09515e+03 -1.00000e+00 -1.00000e+00 -1.00000e+00
+7.09528e+03 -1.00000e+00 -1.00000e+00 -1.00000e+00
+7.09541e+03 -1.00000e+00 -1.00000e+00 -1.00000e+00
+7.09554e+03 -1.00000e+00 -1.00000e+00 -1.00000e+00
+7.09567e+03 -1.00000e+00 -1.00000e+00 -1.00000e+00
+7.09580e+03 -1.00000e+00 -1.00000e+00 -1.00000e+00
+7.09593e+03 -1.00000e+00 -1.00000e+00 -1.00000e+00
+7.09606e+03 -1.00000e+00 -1.00000e+00 -1.00000e+00
+7.09618e+03 -1.00000e+00 -1.00000e+00 -1.00000e+00
+7.09631e+03 -1.00000e+00 -1.00000e+00 -1.00000e+00
+7.09644e+03 -1.00000e+00 -1.00000e+00 -1.00000e+00
+7.09657e+03 -1.00000e+00 -1.00000e+00 -1.00000e+00
+7.09670e+03 -1.00000e+00 -1.00000e+00 -1.00000e+00
+7.09683e+03 -1.00000e+00 -1.00000e+00 -1.00000e+00
+7.09696e+03 -1.00000e+00 -1.00000e+00 -1.00000e+00
+7.09709e+03 -1.00000e+00 -1.00000e+00 -1.00000e+00
+7.09722e+03 -1.00000e+00 -1.00000e+00 -1.00000e+00
+7.09735e+03 -1.00000e+00 -1.00000e+00 -1.00000e+00
+7.09748e+03 -1.00000e+00 -1.00000e+00 -1.00000e+00
+7.09761e+03 -1.00000e+00 -1.00000e+00 -1.00000e+00
+7.09774e+03 -1.00000e+00 -1.00000e+00 -1.00000e+00
+7.09787e+03 -1.00000e+00 -1.00000e+00 -1.00000e+00
+7.09800e+03 -1.00000e+00 -1.00000e+00 -1.00000e+00
+7.09813e+03 -1.00000e+00 -1.00000e+00 -1.00000e+00
+7.09826e+03 -1.00000e+00 -1.00000e+00 -1.00000e+00
+7.09839e+03 -1.00000e+00 -1.00000e+00 -1.00000e+00
+7.09852e+03 -1.00000e+00 -1.00000e+00 -1.00000e+00
+7.09865e+03 -1.00000e+00 -1.00000e+00 -1.00000e+00
+7.09877e+03 -1.00000e+00 -1.00000e+00 -1.00000e+00
+7.09890e+03 -1.00000e+00 -1.00000e+00 -1.00000e+00
+7.09903e+03 -1.00000e+00 -1.00000e+00 -1.00000e+00
+7.09916e+03 -1.00000e+00 -1.00000e+00 -1.00000e+00
+7.09929e+03 -1.00000e+00 -1.00000e+00 -1.00000e+00
+7.09942e+03 -1.00000e+00 -1.00000e+00 -1.00000e+00
+7.09955e+03 -1.00000e+00 -1.00000e+00 -1.00000e+00
+7.09968e+03 -1.00000e+00 -1.00000e+00 -1.00000e+00
+7.09981e+03 -1.00000e+00 -1.00000e+00 -1.00000e+00
+7.09994e+03 -1.00000e+00 -1.00000e+00 -1.00000e+00
+7.10007e+03 -1.00000e+00 -1.00000e+00 -1.00000e+00
+7.10020e+03 -1.00000e+00 -1.00000e+00 -1.00000e+00
+7.10033e+03 -1.00000e+00 -1.00000e+00 -1.00000e+00
+7.10046e+03 -1.00000e+00 -1.00000e+00 -1.00000e+00
+7.10059e+03 -1.00000e+00 -1.00000e+00 -1.00000e+00
+7.10072e+03 -1.00000e+00 -1.00000e+00 -1.00000e+00
+7.10085e+03 -1.00000e+00 -1.00000e+00 -1.00000e+00
+7.10098e+03 -1.00000e+00 -1.00000e+00 -1.00000e+00
+7.10111e+03 -1.00000e+00 -1.00000e+00 -1.00000e+00
+7.10123e+03 -1.00000e+00 -1.00000e+00 -1.00000e+00
+7.10136e+03 -1.00000e+00 -1.00000e+00 -1.00000e+00
+7.10149e+03 -1.00000e+00 -1.00000e+00 -1.00000e+00
+7.10162e+03 -1.00000e+00 -1.00000e+00 -1.00000e+00
+7.10175e+03 -1.00000e+00 -1.00000e+00 -1.00000e+00
+7.10188e+03 -1.00000e+00 -1.00000e+00 -1.00000e+00
+7.10201e+03 -1.00000e+00 -1.00000e+00 -1.00000e+00
+7.10214e+03 -1.00000e+00 -1.00000e+00 -1.00000e+00
+7.10227e+03 -1.00000e+00 -1.00000e+00 -1.00000e+00
+7.10240e+03 -1.00000e+00 -1.00000e+00 -1.00000e+00
+7.10253e+03 -1.00000e+00 -1.00000e+00 -1.00000e+00
+7.10266e+03 -1.00000e+00 -1.00000e+00 -1.00000e+00
+7.10279e+03 -1.00000e+00 -1.00000e+00 -1.00000e+00
+7.10292e+03 -1.00000e+00 -1.00000e+00 -1.00000e+00
+7.10305e+03 -1.00000e+00 -1.00000e+00 -1.00000e+00
+7.10318e+03 -1.00000e+00 -1.00000e+00 -1.00000e+00
+7.10331e+03 -1.00000e+00 -1.00000e+00 -1.00000e+00
+7.10344e+03 -1.00000e+00 -1.00000e+00 -1.00000e+00
+7.10357e+03 -1.00000e+00 -1.00000e+00 -1.00000e+00
+7.10370e+03 -1.00000e+00 -1.00000e+00 -1.00000e+00
+7.10382e+03 -1.00000e+00 -1.00000e+00 -1.00000e+00
+7.10395e+03 -1.00000e+00 -1.00000e+00 -1.00000e+00
+7.10408e+03 -1.00000e+00 -1.00000e+00 -1.00000e+00
+7.10421e+03 -1.00000e+00 -1.00000e+00 -1.00000e+00
+7.10434e+03 -1.00000e+00 -1.00000e+00 -1.00000e+00
+7.10447e+03 -1.00000e+00 -1.00000e+00 -1.00000e+00
+7.10460e+03 -1.00000e+00 -1.00000e+00 -1.00000e+00
+7.10473e+03 -1.00000e+00 -1.00000e+00 -1.00000e+00
+7.10486e+03 -1.00000e+00 -1.00000e+00 -1.00000e+00
+7.10499e+03 -1.00000e+00 -1.00000e+00 -1.00000e+00
+7.10512e+03 -1.00000e+00 -1.00000e+00 -1.00000e+00
+7.10525e+03 -1.00000e+00 -1.00000e+00 -1.00000e+00
+7.10538e+03 -1.00000e+00 -1.00000e+00 -1.00000e+00
+7.10551e+03 -1.00000e+00 -1.00000e+00 -1.00000e+00
+7.10564e+03 -1.00000e+00 -1.00000e+00 -1.00000e+00
+7.10577e+03 -1.00000e+00 -1.00000e+00 -1.00000e+00
+7.10590e+03 -1.00000e+00 -1.00000e+00 -1.00000e+00
+7.10603e+03 -1.00000e+00 -1.00000e+00 -1.00000e+00
+7.10616e+03 -1.00000e+00 -1.00000e+00 -1.00000e+00
+7.10629e+03 -1.00000e+00 -1.00000e+00 -1.00000e+00
+7.10641e+03 -1.00000e+00 -1.00000e+00 -1.00000e+00
+7.10654e+03 -1.00000e+00 -1.00000e+00 -1.00000e+00
+7.10667e+03 -1.00000e+00 -1.00000e+00 -1.00000e+00
+7.10680e+03 -1.00000e+00 -1.00000e+00 -1.00000e+00
+7.10693e+03 -1.00000e+00 -1.00000e+00 -1.00000e+00
+7.10706e+03 -1.00000e+00 -1.00000e+00 -1.00000e+00
+7.10719e+03 -1.00000e+00 -1.00000e+00 -1.00000e+00
+7.10732e+03 -1.00000e+00 -1.00000e+00 -1.00000e+00
+7.10745e+03 -1.00000e+00 -1.00000e+00 -1.00000e+00
+7.10758e+03 -1.00000e+00 -1.00000e+00 -1.00000e+00
+7.10771e+03 -1.00000e+00 -1.00000e+00 -1.00000e+00
+7.10784e+03 -1.00000e+00 -1.00000e+00 -1.00000e+00
+7.10797e+03 -1.00000e+00 -1.00000e+00 -1.00000e+00
+7.10810e+03 -1.00000e+00 -1.00000e+00 -1.00000e+00
+7.10823e+03 -1.00000e+00 -1.00000e+00 -1.00000e+00
+7.10836e+03 -1.00000e+00 -1.00000e+00 -1.00000e+00
+7.10849e+03 -1.00000e+00 -1.00000e+00 -1.00000e+00
+7.10862e+03 -1.00000e+00 -1.00000e+00 -1.00000e+00
+7.10875e+03 -1.00000e+00 -1.00000e+00 -1.00000e+00
+7.10888e+03 -1.00000e+00 -1.00000e+00 -1.00000e+00
+7.10901e+03 -1.00000e+00 -1.00000e+00 -1.00000e+00
+7.10913e+03 -1.00000e+00 -1.00000e+00 -1.00000e+00
+7.10926e+03 -1.00000e+00 -1.00000e+00 -1.00000e+00
+7.10939e+03 -1.00000e+00 -1.00000e+00 -1.00000e+00
+7.10952e+03 -1.00000e+00 -1.00000e+00 -1.00000e+00
+7.10965e+03 -1.00000e+00 -1.00000e+00 -1.00000e+00
+7.10978e+03 -1.00000e+00 -1.00000e+00 -1.00000e+00
+7.10991e+03 -1.00000e+00 -1.00000e+00 -1.00000e+00
+7.11004e+03 -1.00000e+00 -1.00000e+00 -1.00000e+00
+7.11017e+03 -1.00000e+00 -1.00000e+00 -1.00000e+00
+7.11030e+03 -1.00000e+00 -1.00000e+00 -1.00000e+00
+7.11043e+03 -1.00000e+00 -1.00000e+00 -1.00000e+00
+7.11056e+03 -1.00000e+00 -1.00000e+00 -1.00000e+00
+7.11069e+03 -1.00000e+00 -1.00000e+00 -1.00000e+00
+7.11082e+03 -1.00000e+00 -1.00000e+00 -1.00000e+00
+7.11095e+03 -1.00000e+00 -1.00000e+00 -1.00000e+00
+7.11108e+03 -1.00000e+00 -1.00000e+00 -1.00000e+00
+7.11121e+03 -1.00000e+00 -1.00000e+00 -1.00000e+00
+7.11134e+03 -1.00000e+00 -1.00000e+00 -1.00000e+00
+7.11147e+03 -1.00000e+00 -1.00000e+00 -1.00000e+00
+7.11160e+03 -1.00000e+00 -1.00000e+00 -1.00000e+00
+7.11172e+03 -1.00000e+00 -1.00000e+00 -1.00000e+00
+7.11185e+03 -1.00000e+00 -1.00000e+00 -1.00000e+00
+7.11198e+03 -1.00000e+00 -1.00000e+00 -1.00000e+00
+7.11211e+03 -1.00000e+00 -1.00000e+00 -1.00000e+00
+7.11224e+03 -1.00000e+00 -1.00000e+00 -1.00000e+00
+7.11237e+03 -1.00000e+00 -1.00000e+00 -1.00000e+00
+7.11250e+03 -1.00000e+00 -1.00000e+00 -1.00000e+00
+7.11263e+03 -1.00000e+00 -1.00000e+00 -1.00000e+00
+7.11276e+03 -1.00000e+00 -1.00000e+00 -1.00000e+00
+7.11289e+03 -1.00000e+00 -1.00000e+00 -1.00000e+00
+7.11302e+03 -1.00000e+00 -1.00000e+00 -1.00000e+00
+7.11315e+03 -1.00000e+00 -1.00000e+00 -1.00000e+00
+7.11328e+03 -1.00000e+00 -1.00000e+00 -1.00000e+00
+7.11341e+03 -1.00000e+00 -1.00000e+00 -1.00000e+00
+7.11354e+03 -1.00000e+00 -1.00000e+00 -1.00000e+00
+7.11367e+03 -1.00000e+00 -1.00000e+00 -1.00000e+00
+7.11380e+03 -1.00000e+00 -1.00000e+00 -1.00000e+00
+7.11393e+03 -1.00000e+00 -1.00000e+00 -1.00000e+00
+7.11406e+03 -1.00000e+00 -1.00000e+00 -1.00000e+00
+7.11419e+03 -1.00000e+00 -1.00000e+00 -1.00000e+00
+7.11431e+03 -1.00000e+00 -1.00000e+00 -1.00000e+00
+7.11444e+03 -1.00000e+00 -1.00000e+00 -1.00000e+00
+7.11457e+03 -1.00000e+00 -1.00000e+00 -1.00000e+00
+7.11470e+03 -1.00000e+00 -1.00000e+00 -1.00000e+00
+7.11483e+03 -1.00000e+00 -1.00000e+00 -1.00000e+00
+7.11496e+03 -1.00000e+00 -1.00000e+00 -1.00000e+00
+7.11509e+03 -1.00000e+00 -1.00000e+00 -1.00000e+00
+7.11522e+03 -1.00000e+00 -1.00000e+00 -1.00000e+00
+7.11535e+03 -1.00000e+00 -1.00000e+00 -1.00000e+00
+7.11548e+03 -1.00000e+00 -1.00000e+00 -1.00000e+00
+7.11561e+03 -1.00000e+00 -1.00000e+00 -1.00000e+00
+7.11574e+03 -1.00000e+00 -1.00000e+00 -1.00000e+00
+7.11587e+03 -1.00000e+00 -1.00000e+00 -1.00000e+00
+7.11600e+03 -1.00000e+00 -1.00000e+00 -1.00000e+00
+7.11613e+03 -1.00000e+00 -1.00000e+00 -1.00000e+00
+7.11626e+03 -1.00000e+00 -1.00000e+00 -1.00000e+00
+7.11639e+03 -1.00000e+00 -1.00000e+00 -1.00000e+00
+7.11652e+03 -1.00000e+00 -1.00000e+00 -1.00000e+00
+7.11665e+03 -1.00000e+00 -1.00000e+00 -1.00000e+00
+7.11677e+03 -1.00000e+00 -1.00000e+00 -1.00000e+00
+7.11690e+03 -1.00000e+00 -1.00000e+00 -1.00000e+00
+7.11703e+03 -1.00000e+00 -1.00000e+00 -1.00000e+00
+7.11716e+03 -1.48728e-01 -1.00000e+00 -1.00000e+00
+7.11729e+03 -1.00000e+00 -1.00000e+00 +3.51288e-01
+7.11742e+03 -2.69028e-01 -1.00000e+00 +3.51085e-01
+7.11755e+03 -1.00000e+00 -1.00000e+00 +2.03218e-01
+7.11768e+03 -1.00000e+00 -1.00000e+00 +1.84268e-01
+7.11781e+03 -8.03062e-02 -1.00000e+00 +2.15991e-01
+7.11794e+03 -5.84638e-02 -1.00000e+00 -1.48007e-01
+7.11807e+03 -7.08372e-02 -1.00000e+00 -2.37410e-02
+7.11820e+03 -1.00000e+00 -1.00000e+00 +2.24754e-02
+7.11833e+03 -1.00000e+00 -1.00000e+00 -1.00000e+00
+7.11846e+03 -9.59414e-03 -1.00000e+00 -6.82350e-02
+7.11859e+03 -8.61211e-02 -1.00000e+00 -1.05681e-01
+7.11872e+03 -7.59505e-02 -1.00000e+00 -6.12733e-02
+7.11885e+03 +1.55635e-02 -1.00000e+00 -3.80375e-01
+7.11898e+03 -3.71922e-02 -1.00000e+00 -1.93242e-01
+7.11911e+03 +1.07939e-01 -1.00000e+00 -2.95240e-01
+7.11924e+03 -5.48035e-02 -1.00000e+00 -8.28692e-02
+7.11936e+03 -4.21935e-02 +1.41542e-01 +2.01241e-01
+7.11949e+03 +6.19088e-02 +1.25673e-01 +5.73033e-02
+7.11962e+03 -3.49993e-02 -1.00000e+00 -8.37827e-02
+7.11975e+03 +4.66000e-02 -1.00000e+00 +6.06204e-03
+7.11988e+03 +3.17216e-02 -1.00000e+00 -1.14494e-01
+7.12001e+03 +6.23810e-02 -1.00000e+00 -7.78264e-02
+7.12014e+03 +1.92331e-01 -1.00000e+00 +4.01794e-02
+7.12027e+03 -1.28748e-01 -1.00000e+00 -9.09324e-02
+7.12040e+03 -1.41897e-01 -1.00000e+00 -1.37894e-02
+7.12053e+03 -1.74426e-01 -1.00000e+00 -1.07378e-01
+7.12066e+03 +1.25649e-01 -1.00000e+00 +1.19331e-02
+7.12079e+03 -8.81875e-02 +5.12489e-02 +1.12033e-02
+7.12092e+03 -2.34380e-03 +8.86791e-02 -1.25509e-03
+7.12105e+03 +2.45850e-02 +5.01337e-02 +6.71671e-03
+7.12118e+03 -1.01315e-01 -9.25431e-02 -2.09232e-02
+7.12131e+03 -9.15419e-02 -1.16427e-01 -3.46430e-02
+7.12144e+03 -2.87734e-04 -2.93999e-01 -2.54391e-03
+7.12157e+03 -9.15160e-02 -1.18530e-01 -7.73709e-03
+7.12170e+03 +9.55474e-02 -7.87998e-02 +2.77598e-02
+7.12183e+03 -4.81767e-02 -6.58915e-02 -2.53714e-02
+7.12195e+03 -9.88887e-02 -3.48039e-01 +2.21127e-02
+7.12208e+03 -6.16127e-02 -1.32483e-02 -1.99582e-02
+7.12221e+03 -6.71239e-02 -7.23794e-02 +2.15437e-02
+7.12234e+03 +1.04647e-02 +3.09073e-02 -1.68552e-02
+7.12247e+03 +5.51180e-03 +7.80857e-02 -1.11519e-02
+7.12260e+03 -3.23911e-02 +1.03419e-01 +4.58722e-02
+7.12273e+03 -5.07657e-02 -1.95770e-02 -1.27933e-02
+7.12286e+03 +1.60842e-02 +3.57086e-02 +6.20917e-03
+7.12299e+03 -3.07932e-02 +3.68336e-02 +3.77283e-03
+7.12312e+03 -1.24837e-02 +2.25670e-02 -2.72978e-02
+7.12325e+03 -7.84336e-03 +5.27182e-02 -3.65904e-02
+7.12338e+03 +1.18327e-02 -1.03570e-01 -5.07835e-02
+7.12351e+03 -5.39719e-03 -1.20625e-01 +2.45458e-02
+7.12364e+03 +6.13949e-03 -1.27019e-01 +3.51156e-02
+7.12377e+03 +6.25326e-02 -1.07719e-01 +5.41880e-03
+7.12390e+03 -1.19829e-02 -1.94662e-01 -2.21235e-02
+7.12403e+03 -4.03349e-04 -6.60645e-02 -1.62177e-02
+7.12416e+03 +4.30461e-03 +2.15121e-03 -1.05641e-02
+7.12429e+03 +9.16260e-03 +1.00319e-02 -2.11112e-02
+7.12442e+03 +8.77711e-03 -1.96945e-02 -3.02658e-02
+7.12455e+03 +1.53991e-03 +1.87666e-02 +1.54761e-03
+7.12467e+03 +3.15177e-03 +5.41347e-03 +1.55343e-02
+7.12480e+03 -7.71356e-03 -1.71427e-02 -1.34520e-02
+7.12493e+03 -5.39568e-03 -1.15739e-03 +4.22678e-02
+7.12506e+03 +1.27032e-02 -1.78573e-02 +5.82882e-02
+7.12519e+03 +8.18211e-03 -4.81204e-02 +3.79575e-02
+7.12532e+03 -4.99837e-04 -4.03573e-02 +3.36573e-02
+7.12545e+03 -2.15831e-02 +9.18544e-03 +2.59434e-02
+7.12558e+03 +6.52632e-03 -5.44663e-02 +4.83280e-02
+7.12571e+03 +3.40382e-03 -2.82042e-02 +2.86882e-03
+7.12584e+03 +8.20753e-03 -1.03014e-01 +9.18115e-03
+7.12597e+03 +1.26923e-02 -4.74739e-02 +1.44354e-03
+7.12610e+03 +1.36849e-02 -4.15921e-02 +1.78718e-02
+7.12623e+03 +2.54928e-02 -5.00872e-03 +3.94855e-03
+7.12636e+03 +1.39238e-02 -4.81509e-02 -1.26847e-02
+7.12649e+03 +1.61026e-02 -8.57862e-02 +5.62142e-03
+7.12662e+03 +1.64027e-02 -2.20414e-02 -5.55767e-03
+7.12675e+03 +1.29110e-02 -3.19555e-02 +6.18490e-04
+7.12688e+03 -2.52897e-03 -3.95886e-02 +9.30398e-03
+7.12701e+03 +6.51353e-04 -1.00805e-02 +7.76769e-03
+7.12714e+03 -2.44150e-03 -1.96787e-02 +4.85526e-02
+7.12726e+03 -1.98279e-03 +1.89545e-02 -1.77627e-03
+7.12739e+03 -7.76994e-04 -1.06390e-02 -1.04902e-02
+7.12752e+03 +1.43411e-02 -8.74263e-02 -1.30345e-02
+7.12765e+03 -9.37011e-03 -4.94178e-02 -8.07362e-04
+7.12778e+03 +7.22937e-03 +7.23381e-04 +3.13385e-02
+7.12791e+03 -1.25689e-02 -2.97183e-02 -1.12377e-02
+7.12804e+03 -9.48457e-03 -1.69790e-02 +1.43442e-02
+7.12817e+03 -1.18394e-02 -1.01025e-02 +1.21793e-02
+7.12830e+03 -1.41251e-03 -7.00416e-03 -3.46630e-02
+7.12843e+03 +2.50738e-02 +2.48995e-02 -4.09160e-02
+7.12856e+03 -7.58302e-03 +2.26801e-02 +3.37066e-02
+7.12869e+03 +1.36004e-02 +7.73988e-03 -2.11923e-02
+7.12882e+03 +2.27884e-02 +1.06178e-02 -1.63007e-02
+7.12895e+03 +9.75210e-03 +6.34228e-03 -3.32589e-02
+7.12908e+03 -2.72568e-03 -8.35800e-04 -4.63244e-02
+7.12921e+03 -1.25688e-02 -1.09123e-02 -3.49859e-02
+7.12934e+03 -1.66937e-02 +1.17238e-02 -5.04252e-03
+7.12947e+03 -4.32853e-02 -4.10508e-03 -7.71998e-03
+7.12960e+03 -2.69444e-02 -2.58529e-02 +1.02265e-03
+7.12973e+03 -5.84626e-03 +1.75900e-02 -1.42269e-02
+7.12985e+03 -5.06672e-02 +5.39279e-02 +6.70469e-03
+7.12998e+03 -9.37590e-03 -2.65707e-02 -1.49051e-02
+7.13011e+03 -1.28554e-02 -3.44355e-02 +1.01412e-02
+7.13024e+03 -2.83422e-02 +2.59823e-02 +3.14491e-03
+7.13037e+03 +2.09941e-02 -5.20068e-02 -1.29153e-02
+7.13050e+03 +2.89556e-03 -3.56457e-02 +2.40582e-02
+7.13063e+03 -3.40295e-03 -5.07121e-02 +2.25810e-02
+7.13076e+03 +1.43615e-02 -5.12613e-02 +2.34516e-03
+7.13089e+03 -5.17833e-03 -1.91378e-02 +2.87899e-02
+7.13102e+03 -1.30170e-02 -3.71082e-02 -5.31608e-03
+7.13115e+03 -1.95107e-02 -6.78390e-02 -2.98334e-02
+7.13128e+03 -5.53657e-03 -5.58398e-02 -4.38489e-03
+7.13141e+03 -2.73044e-02 -2.89764e-02 -3.35053e-03
+7.13154e+03 -2.04945e-02 -3.65521e-03 +7.23952e-04
+7.13167e+03 -1.38749e-02 -1.93102e-02 +1.11421e-02
+7.13180e+03 +1.29525e-02 -2.46334e-02 +1.10601e-02
+7.13193e+03 +5.33826e-03 -1.22403e-02 +3.34304e-02
+7.13206e+03 +1.03261e-02 -3.88877e-02 +1.40419e-03
+7.13219e+03 +1.85102e-02 -4.87023e-02 +1.86225e-02
+7.13231e+03 +1.23869e-02 -2.77663e-02 +3.27155e-02
+7.13244e+03 +3.68686e-02 -9.38645e-03 -2.71511e-03
+7.13257e+03 +9.47235e-03 -9.77122e-03 -1.64643e-04
+7.13270e+03 +1.08177e-02 -1.01940e-02 +1.30606e-02
+7.13283e+03 -1.86250e-03 -3.62283e-03 -8.99203e-03
+7.13296e+03 -3.54130e-03 -2.69323e-03 +6.32153e-04
+7.13309e+03 +7.47571e-04 +5.02110e-03 -3.53716e-03
+7.13322e+03 -9.22147e-03 +1.01430e-02 -6.46621e-03
+7.13335e+03 +5.63624e-03 +1.08179e-02 +5.41929e-03
+7.13348e+03 +1.72084e-02 +1.39366e-02 +1.68494e-02
+7.13361e+03 +1.68515e-02 +1.13060e-02 -2.32814e-03
+7.13374e+03 +2.52037e-02 +1.47298e-02 +2.63785e-03
+7.13387e+03 -8.46976e-03 +1.89365e-02 +9.31713e-03
+7.13400e+03 +3.29426e-02 +1.97968e-02 -5.63736e-03
+7.13413e+03 +1.90423e-02 +2.49625e-02 +7.48536e-03
+7.13426e+03 -1.30219e-02 +1.67034e-02 +1.88431e-02
+7.13439e+03 -2.14091e-03 +1.61131e-02 +3.44590e-02
+7.13452e+03 -8.48858e-03 -2.08987e-02 +7.53728e-03
+7.13465e+03 +6.01657e-03 -8.45868e-03 +3.18299e-03
+7.13478e+03 +1.34176e-02 +2.32328e-02 +1.80135e-02
+7.13490e+03 +1.08577e-02 -2.37842e-03 -1.60924e-02
+7.13503e+03 +6.23863e-02 -3.80138e-03 -4.47556e-03
+7.13516e+03 +4.14260e-02 -1.08127e-02 -3.52724e-03
+7.13529e+03 -7.14295e-02 +1.01640e-02 -1.13663e-02
+7.13542e+03 +1.14432e-01 -2.33571e-02 +1.12929e-02
+7.13555e+03 +8.94236e-02 +6.62622e-03 -6.76222e-03
+7.13568e+03 +2.18204e-02 +1.09966e-02 -2.51214e-02
+7.13581e+03 +1.10758e-01 -4.48171e-03 -1.81519e-03
+7.13594e+03 +2.39422e-02 -1.91294e-03 -1.15766e-02
+7.13607e+03 +8.27651e-02 +2.32229e-02 +3.85532e-03
+7.13620e+03 -1.20481e-02 +4.85954e-02 +3.62330e-02
+7.13633e+03 -4.74221e-02 +5.35522e-02 -2.73720e-02
+7.13646e+03 -2.89765e-03 -2.34034e-03 +2.83500e-02
+7.13659e+03 +5.00062e-03 +7.16030e-02 +2.05607e-02
+7.13672e+03 -1.64278e-02 -3.32234e-03 -8.98780e-03
+7.13685e+03 +1.34708e-02 -5.63496e-02 +6.38258e-04
+7.13698e+03 +4.52170e-03 -8.63163e-03 -1.91222e-03
+7.13711e+03 -9.11536e-03 -5.22106e-02 -2.71062e-03
+7.13724e+03 +5.75358e-03 -2.54373e-02 +5.66642e-03
+7.13737e+03 -9.38521e-04 -7.46865e-02 +2.37942e-02
+7.13749e+03 -2.15801e-02 -3.34226e-02 +1.88603e-02
+7.13762e+03 +2.84306e-02 -5.27106e-02 -1.07257e-02
+7.13775e+03 -3.84128e-02 +7.98851e-02 -1.92720e-02
+7.13788e+03 -4.80688e-03 -7.10621e-03 -2.46722e-02
+7.13801e+03 -4.30092e-02 -2.72388e-02 -3.06151e-02
+7.13814e+03 +3.18043e-03 -5.61225e-02 +2.31381e-02
+7.13827e+03 -5.08310e-02 -4.78942e-03 -5.35611e-02
+7.13840e+03 -4.10839e-02 -1.55360e-02 -2.43473e-02
+7.13853e+03 -2.99901e-02 -4.48891e-03 -1.10365e-03
+7.13866e+03 +4.57038e-04 -6.26278e-02 +2.40219e-02
+7.13879e+03 +1.91380e-02 -4.66882e-02 -4.84786e-02
+7.13892e+03 -4.43047e-03 -2.83210e-02 +2.03968e-02
+7.13905e+03 -5.42186e-02 -4.89102e-02 -2.87753e-02
+7.13918e+03 -7.37540e-02 -1.06551e-01 +7.14325e-02
+7.13931e+03 -4.42031e-02 -5.28186e-02 -9.98411e-04
+7.13944e+03 +1.06724e-02 -3.35084e-02 -5.09461e-02
+7.13957e+03 -5.08972e-02 +1.17545e-02 -1.06441e-02
+7.13970e+03 -9.47505e-02 +1.50319e-02 -1.37625e-02
+7.13983e+03 -4.54353e-02 -5.36173e-02 +2.95227e-03
+7.13996e+03 +5.69421e-02 +4.84046e-03 -2.64873e-02
+7.14009e+03 +3.49174e-02 -3.40061e-02 +4.49357e-03
+7.14021e+03 -1.17600e-01 -7.27973e-02 +2.46375e-02
+7.14034e+03 +6.18305e-02 -6.32741e-02 -2.71175e-03
+7.14047e+03 -1.50493e-01 +4.72391e-03 +4.45100e-02
+7.14060e+03 -1.48912e-01 -4.07643e-02 +2.39249e-02
+7.14073e+03 +2.16719e-01 +1.26069e-02 +2.26188e-02
+7.14086e+03 -1.18382e-01 -2.87207e-02 +5.97085e-03
+7.14099e+03 +3.42937e-02 -4.40885e-02 +1.81407e-02
+7.14112e+03 +3.89110e-02 -2.66094e-02 +1.35852e-02
+7.14125e+03 +7.20783e-03 -8.16051e-03 -1.46141e-02
+7.14138e+03 +8.61094e-03 -4.57025e-02 -8.13609e-03
+7.14151e+03 -1.41304e-02 -2.19897e-02 +2.29109e-02
+7.14164e+03 -5.25241e-02 -2.24757e-02 +5.98283e-02
+7.14177e+03 -5.34683e-02 -5.99730e-02 +1.50992e-02
+7.14190e+03 +1.61273e-02 -7.52789e-02 +8.99046e-02
+7.14203e+03 -2.46233e-02 -8.10596e-02 +6.34263e-02
+7.14216e+03 +6.15860e-02 -4.89868e-02 +1.77083e-02
+7.14229e+03 +2.48732e-02 -6.69419e-02 +2.44170e-02
+7.14242e+03 +5.45965e-03 -4.59661e-04 +5.77608e-03
+7.14255e+03 -1.85808e-02 -2.67841e-03 +1.27860e-02
+7.14268e+03 -3.05357e-02 +3.82523e-02 +7.41171e-03
+7.14280e+03 -4.59332e-02 +1.88343e-02 -8.95048e-03
+7.14293e+03 -5.22656e-02 -1.74944e-02 -2.32908e-03
+7.14306e+03 -2.55244e-02 -4.70477e-04 +4.50491e-02
+7.14319e+03 -2.40538e-02 -2.63800e-02 -3.25571e-02
+7.14332e+03 +2.18336e-03 -1.44693e-03 +3.80914e-02
+7.14345e+03 -1.37084e-02 +2.45266e-03 +3.83004e-02
+7.14358e+03 -2.45086e-02 +1.91174e-02 -1.25921e-02
+7.14371e+03 -1.09857e-03 -7.11442e-03 +1.69447e-01
+7.14384e+03 -1.87961e-02 -5.90570e-03 -1.24197e-03
+7.14397e+03 +1.85063e-02 +5.68103e-02 +8.29638e-02
+7.14410e+03 -3.02941e-03 +4.02756e-02 +2.71127e-02
+7.14423e+03 +1.48732e-02 +1.50231e-02 -1.31258e-01
+7.14436e+03 +3.08274e-03 +1.32439e-02 -2.31017e-03
+7.14449e+03 +9.07151e-03 -8.63391e-02 -4.44674e-02
+7.14462e+03 +1.97655e-03 +8.86634e-02 -4.33118e-02
+7.14475e+03 +1.65611e-02 -2.33011e-02 -1.02190e-02
+7.14488e+03 +6.60253e-03 +5.24372e-02 -2.43572e-02
+7.14501e+03 +1.65190e-02 +2.97450e-02 -1.17120e-02
+7.14514e+03 +1.76463e-02 -5.00508e-02 +1.72656e-03
+7.14527e+03 +2.03254e-02 -3.28897e-02 +2.44910e-02
+7.14539e+03 -4.26725e-03 +2.03103e-02 +4.46144e-02
+7.14552e+03 +7.48549e-03 +1.11667e-02 -9.86529e-03
+7.14565e+03 +1.50879e-03 -3.72073e-03 +6.81434e-02
+7.14578e+03 +1.20138e-02 +2.24457e-03 +3.11330e-02
+7.14591e+03 +9.11939e-03 +2.77313e-02 +1.05127e-01
+7.14604e+03 +4.43609e-02 -1.70576e-02 +1.65161e-02
+7.14617e+03 -4.68241e-02 -6.55736e-03 +4.16516e-02
+7.14630e+03 -9.12667e-02 -3.74222e-02 +3.57920e-02
+7.14643e+03 -1.99654e-02 -1.79062e-02 -1.85085e-02
+7.14656e+03 +2.00608e-02 -8.41736e-02 -4.97279e-03
+7.14669e+03 -3.41167e-02 -5.09830e-02 +1.10861e-02
+7.14682e+03 -5.02203e-02 -4.47066e-02 -2.27444e-02
+7.14695e+03 -6.09406e-02 -5.84070e-02 +8.39817e-03
+7.14708e+03 -5.87407e-03 -3.05011e-02 -8.87637e-03
+7.14721e+03 -4.93266e-02 -1.95225e-02 -1.21837e-02
+7.14734e+03 +1.64192e-02 -9.07621e-03 -8.79446e-03
+7.14747e+03 -2.78746e-02 -6.36391e-03 +3.50132e-02
+7.14760e+03 +1.19600e-02 -5.22086e-04 +5.32413e-02
+7.14773e+03 -2.27638e-03 +6.87834e-03 +1.12074e-02
+7.14785e+03 +1.36155e-02 -1.48437e-03 +3.45761e-03
+7.14798e+03 -6.68865e-02 +2.01456e-02 +9.35769e-02
+7.14811e+03 -1.51089e-02 +9.66872e-03 +2.28555e-02
+7.14824e+03 +3.60488e-03 +3.09785e-02 +1.98457e-02
+7.14837e+03 -3.09062e-03 +2.37827e-02 -4.61534e-02
+7.14850e+03 -3.22063e-02 -2.48057e-02 -1.50296e-02
+7.14863e+03 +1.13193e-03 +2.15761e-02 +2.49215e-02
+7.14876e+03 -9.85798e-02 +6.63273e-02 -1.31507e-02
+7.14889e+03 -9.79362e-02 +6.01009e-03 -4.19842e-02
+7.14902e+03 +2.13795e-02 -4.28802e-02 +4.51648e-02
+7.14915e+03 -3.35420e-02 -8.36463e-03 +1.30879e-02
+7.14928e+03 +1.14530e-02 -1.11098e-01 +1.58619e-02
+7.14941e+03 -3.94591e-02 +6.09863e-02 +1.24354e-02
+7.14954e+03 -1.02974e-01 -5.47815e-02 +8.27368e-02
+7.14967e+03 -3.60418e-02 -7.16830e-02 +1.07564e-01
+7.14980e+03 +1.45165e-02 -1.14927e-01 +2.13512e-01
+7.14993e+03 -7.22908e-02 -2.00375e-01 -5.94412e-02
+7.15006e+03 -8.06420e-02 -1.00000e+00 -3.03837e-02
+7.15019e+03 -4.61121e-02 -1.00000e+00 +3.84003e-01
+7.15032e+03 -7.54736e-02 -1.00000e+00 -1.51386e-03
+7.15044e+03 -4.48855e-02 -1.00000e+00 +1.33292e-01
+7.15057e+03 +1.61315e-02 -1.00000e+00 -4.40769e-02
+7.15070e+03 -9.68971e-02 +9.10049e-02 +3.20900e-01
+7.15083e+03 -4.33611e-02 -9.57498e-02 +1.05614e-01
+7.15096e+03 -2.29445e-01 +5.77013e-02 +3.38215e-02
+7.15109e+03 -1.00000e+00 -2.42784e-01 +1.88179e-02
+7.15122e+03 -1.00000e+00 -2.85462e-01 -1.24922e-02
+7.15135e+03 -1.00000e+00 +1.18391e-01 -2.00001e-02
+7.15148e+03 -1.00000e+00 -1.88866e-01 +4.01082e-02
+7.15161e+03 -1.00000e+00 -1.00000e+00 +2.02895e-02
+7.15174e+03 -1.00000e+00 -1.00000e+00 +3.84531e-02
+7.15187e+03 -1.00000e+00 -2.88924e-01 +6.45971e-02
+7.15200e+03 -1.17189e-01 -9.75714e-02 -4.86414e-02
+7.15213e+03 -1.00000e+00 -2.22220e-01 +4.36912e-02
+7.15226e+03 -1.00000e+00 -9.84420e-02 +1.41499e-01
+7.15239e+03 -1.00000e+00 -3.19002e-02 +9.85775e-02
+7.15252e+03 -1.00000e+00 -2.40354e-02 -9.47061e-02
+7.15265e+03 -1.00000e+00 +1.61585e-01 +8.44436e-02
+7.15278e+03 -1.00000e+00 -5.59803e-02 -1.79208e-02
+7.15291e+03 -1.00000e+00 -2.53366e-02 -1.01641e-01
+7.15303e+03 -1.00000e+00 +2.58881e-02 -1.44697e-01
+7.15316e+03 -1.00000e+00 -4.81530e-02 +1.19586e-01
+7.15329e+03 -2.03994e-01 +3.61061e-02 -1.40154e-01
+7.15342e+03 +6.86047e-01 -1.21505e-01 +2.41633e-01
+7.15355e+03 +1.19360e-01 -1.07270e-01 +1.27522e-02
+7.15368e+03 +2.32637e-01 +2.26631e-02 -2.50282e-02
+7.15381e+03 -9.20310e-03 +7.55459e-02 -1.57907e-01
+7.15394e+03 -1.00000e+00 -8.26328e-02 +5.08557e-01
+7.15407e+03 -1.00000e+00 -1.00000e+00 +1.61766e-01
+7.15420e+03 -1.00000e+00 +8.28050e-02 +1.85213e-01
+7.15433e+03 -1.00000e+00 -1.00000e+00 +1.30700e-01
+7.15446e+03 -1.00000e+00 -1.00000e+00 +1.66227e-01
+7.15459e+03 -1.00000e+00 -1.00000e+00 -1.00000e+00
+7.15472e+03 -1.00000e+00 -1.00000e+00 -1.00000e+00
+7.15485e+03 -1.00000e+00 -1.00000e+00 +5.22679e-01
+7.15498e+03 -1.00000e+00 -1.00000e+00 +6.84573e-01
+7.15511e+03 -1.00000e+00 -1.00000e+00 -1.00000e+00
+7.15524e+03 -1.00000e+00 -1.00000e+00 +5.50873e-01
+7.15537e+03 -1.00000e+00 -1.00000e+00 -1.00000e+00
+7.15550e+03 -1.00000e+00 -1.00000e+00 +1.16057e-02
+7.15562e+03 -1.00000e+00 -1.00000e+00 +1.39630e-01
+7.15575e+03 -1.00000e+00 -1.00000e+00 -5.22253e-02
+7.15588e+03 -1.00000e+00 -1.00000e+00 -1.00000e+00
+7.15601e+03 -1.00000e+00 -1.00000e+00 -1.00000e+00
+7.15614e+03 -1.00000e+00 -1.00000e+00 -1.00000e+00
+7.15627e+03 -1.00000e+00 -1.00000e+00 -1.00000e+00
+7.15640e+03 -1.00000e+00 -1.00000e+00 -1.00000e+00
+7.15653e+03 -1.00000e+00 -1.00000e+00 -1.00000e+00
+7.15666e+03 -1.00000e+00 -1.00000e+00 -1.00000e+00
+7.15679e+03 -1.00000e+00 -1.00000e+00 -1.00000e+00
+7.15692e+03 -1.00000e+00 -1.00000e+00 -1.00000e+00
+7.15705e+03 -1.00000e+00 -1.00000e+00 -1.00000e+00
+7.15718e+03 -1.00000e+00 -1.00000e+00 -1.00000e+00
+7.15731e+03 -1.00000e+00 -1.00000e+00 -1.00000e+00
+7.15744e+03 -1.00000e+00 -1.00000e+00 +1.21377e+00
+7.15757e+03 -1.00000e+00 -1.00000e+00 -1.00000e+00
+7.15770e+03 -1.00000e+00 -1.00000e+00 -1.00000e+00
+7.15783e+03 -1.00000e+00 -1.00000e+00 -1.00000e+00
+7.15796e+03 -1.00000e+00 -1.00000e+00 -1.00000e+00
+7.15809e+03 -1.00000e+00 -1.00000e+00 -1.00000e+00
+7.15822e+03 -1.00000e+00 -1.00000e+00 -1.00000e+00
+7.15834e+03 -1.00000e+00 -1.00000e+00 -1.00000e+00
+7.15847e+03 -1.00000e+00 -1.00000e+00 -1.00000e+00
+7.15860e+03 -1.00000e+00 -1.00000e+00 -1.00000e+00
+7.15873e+03 -1.00000e+00 -1.00000e+00 -1.00000e+00
+7.15886e+03 -1.00000e+00 -1.00000e+00 -1.00000e+00
+7.15899e+03 -1.00000e+00 -1.00000e+00 -1.00000e+00
+7.15912e+03 -1.00000e+00 -1.00000e+00 -1.00000e+00
+7.15925e+03 -1.00000e+00 -1.00000e+00 -1.00000e+00
+7.15938e+03 -1.00000e+00 -1.00000e+00 -1.00000e+00
+7.15951e+03 -1.00000e+00 -1.00000e+00 -1.00000e+00
+7.15964e+03 -1.00000e+00 -1.00000e+00 -1.00000e+00
+7.15977e+03 -1.00000e+00 -1.00000e+00 -1.00000e+00
+7.15990e+03 -1.00000e+00 -1.00000e+00 -1.00000e+00
+7.16003e+03 -1.00000e+00 -1.00000e+00 -1.00000e+00
+7.16016e+03 -1.00000e+00 -1.00000e+00 -1.00000e+00
+7.16029e+03 -1.00000e+00 -1.00000e+00 -1.00000e+00
+7.16042e+03 -1.00000e+00 -1.00000e+00 -1.00000e+00
+7.16055e+03 -1.00000e+00 -1.00000e+00 -1.00000e+00
+7.16068e+03 -1.00000e+00 -1.00000e+00 -1.00000e+00
+7.16081e+03 -1.00000e+00 -1.00000e+00 -1.00000e+00
+7.16093e+03 -1.00000e+00 -1.00000e+00 -1.00000e+00
+7.16106e+03 -1.00000e+00 -1.00000e+00 -1.00000e+00
+7.16119e+03 -1.00000e+00 -1.00000e+00 -1.00000e+00
+7.16132e+03 -1.00000e+00 -1.00000e+00 -1.00000e+00
+7.16145e+03 -1.00000e+00 -1.00000e+00 -1.00000e+00
+7.16158e+03 -1.00000e+00 -1.00000e+00 -1.00000e+00
+7.16171e+03 -1.00000e+00 -1.00000e+00 -1.00000e+00
+7.16184e+03 -1.00000e+00 -1.00000e+00 -1.00000e+00
+7.16197e+03 -1.00000e+00 -1.00000e+00 -1.00000e+00
+7.16210e+03 -1.00000e+00 -1.00000e+00 -1.00000e+00
+7.16223e+03 -1.00000e+00 -1.00000e+00 -1.00000e+00
+7.16236e+03 -1.00000e+00 -1.00000e+00 -1.00000e+00
+7.16249e+03 -1.00000e+00 -1.00000e+00 -1.00000e+00
+7.16262e+03 -1.00000e+00 -1.00000e+00 -1.00000e+00
+7.16275e+03 -1.00000e+00 -1.00000e+00 -1.00000e+00
+7.16288e+03 -1.00000e+00 -1.00000e+00 -1.00000e+00
+7.16301e+03 -1.00000e+00 -1.00000e+00 -1.00000e+00
+7.16314e+03 -1.00000e+00 -1.00000e+00 -1.00000e+00
+7.16327e+03 -1.00000e+00 -1.00000e+00 -1.00000e+00
+7.16340e+03 -1.00000e+00 -1.00000e+00 -1.00000e+00
+7.16352e+03 -1.00000e+00 -1.00000e+00 -1.00000e+00
+7.16365e+03 -1.00000e+00 -1.00000e+00 -1.00000e+00
+7.16378e+03 -1.00000e+00 -1.00000e+00 -1.00000e+00
+7.16391e+03 -1.00000e+00 -1.00000e+00 -1.00000e+00
+7.16404e+03 -1.00000e+00 -1.00000e+00 -1.00000e+00
+7.16417e+03 -1.00000e+00 -1.00000e+00 -1.00000e+00
+7.16430e+03 -1.00000e+00 -1.00000e+00 -1.00000e+00
+7.16443e+03 -1.00000e+00 -1.00000e+00 -1.00000e+00
+7.16456e+03 -1.00000e+00 -1.00000e+00 -1.00000e+00
+7.16469e+03 -1.00000e+00 -1.00000e+00 -1.00000e+00
+7.16482e+03 -1.00000e+00 -1.00000e+00 -1.00000e+00
+7.16495e+03 -1.00000e+00 -1.00000e+00 -1.00000e+00
+7.16508e+03 -1.00000e+00 -1.00000e+00 -1.00000e+00
+7.16521e+03 -1.00000e+00 -1.00000e+00 -1.00000e+00
+7.16534e+03 -1.00000e+00 -1.00000e+00 -1.00000e+00
+7.16547e+03 -1.00000e+00 -1.00000e+00 -1.00000e+00
+7.16560e+03 -1.00000e+00 -1.00000e+00 -1.00000e+00
+7.16573e+03 -1.00000e+00 -1.00000e+00 -1.00000e+00
+7.16586e+03 -1.00000e+00 -1.00000e+00 -1.00000e+00
+7.16598e+03 -1.00000e+00 -1.00000e+00 -1.00000e+00
+7.16611e+03 -1.00000e+00 -1.00000e+00 -1.00000e+00
+7.16624e+03 -1.00000e+00 -1.00000e+00 -1.00000e+00
+7.16637e+03 -1.00000e+00 -1.00000e+00 -1.00000e+00
+7.16650e+03 -1.00000e+00 -1.00000e+00 -1.00000e+00
+7.16663e+03 -1.00000e+00 -1.00000e+00 -1.00000e+00
+7.16676e+03 -1.00000e+00 -1.00000e+00 -1.00000e+00
+7.16689e+03 -1.00000e+00 -1.00000e+00 -1.00000e+00
+7.16702e+03 -1.00000e+00 -1.00000e+00 -1.00000e+00
+7.16715e+03 -1.00000e+00 -1.00000e+00 -1.00000e+00
+7.16728e+03 -1.00000e+00 -1.00000e+00 -1.00000e+00
+7.16741e+03 -1.00000e+00 -1.00000e+00 -1.00000e+00
+7.16754e+03 -1.00000e+00 -1.00000e+00 -1.00000e+00
+7.16767e+03 -1.00000e+00 -1.00000e+00 -1.00000e+00
+7.16780e+03 -1.00000e+00 -1.00000e+00 -1.00000e+00
+7.16793e+03 -1.00000e+00 -1.00000e+00 -1.00000e+00
+7.16806e+03 -1.00000e+00 -1.00000e+00 -1.00000e+00
+7.16819e+03 -1.00000e+00 -1.00000e+00 -1.00000e+00
+7.16832e+03 -1.00000e+00 -1.00000e+00 -1.00000e+00
+7.16845e+03 -1.00000e+00 -1.00000e+00 -1.00000e+00
+7.16857e+03 -1.00000e+00 -1.00000e+00 -1.00000e+00
+7.16870e+03 -1.00000e+00 -1.00000e+00 -1.00000e+00
+7.16883e+03 -1.00000e+00 -1.00000e+00 -1.00000e+00
+7.16896e+03 -1.00000e+00 -1.00000e+00 -1.00000e+00
+7.16909e+03 -1.00000e+00 -1.00000e+00 -1.00000e+00
+7.16922e+03 -1.00000e+00 -1.00000e+00 -1.00000e+00
+7.16935e+03 -1.00000e+00 -1.00000e+00 -1.00000e+00
+7.16948e+03 -1.00000e+00 -1.00000e+00 -1.00000e+00
+7.16961e+03 -1.00000e+00 -1.00000e+00 -1.00000e+00
+7.16974e+03 -1.00000e+00 -1.00000e+00 -1.00000e+00
+7.16987e+03 -1.00000e+00 -1.00000e+00 -1.00000e+00
+7.17000e+03 -1.00000e+00 -1.00000e+00 -1.00000e+00
+7.17013e+03 -1.00000e+00 -1.00000e+00 -1.00000e+00
+7.17026e+03 -1.00000e+00 -1.00000e+00 -1.00000e+00
+7.17039e+03 -1.00000e+00 -1.00000e+00 -1.00000e+00
+7.17052e+03 -1.00000e+00 -1.00000e+00 -1.00000e+00
+7.17065e+03 -1.00000e+00 -1.00000e+00 -1.00000e+00
+7.17078e+03 -1.00000e+00 -1.00000e+00 -1.00000e+00
+7.17091e+03 -1.00000e+00 -1.00000e+00 -1.00000e+00
+7.17104e+03 -1.00000e+00 -1.00000e+00 -1.00000e+00
+7.17116e+03 -1.00000e+00 -1.00000e+00 -1.00000e+00
+7.17129e+03 -1.00000e+00 -1.00000e+00 -1.00000e+00
+7.17142e+03 -1.00000e+00 -1.00000e+00 -1.00000e+00
+7.17155e+03 -1.00000e+00 -1.00000e+00 -1.00000e+00
+7.17168e+03 -1.00000e+00 -1.00000e+00 -1.00000e+00
+7.17181e+03 -1.00000e+00 -1.00000e+00 -1.00000e+00
+7.17194e+03 -1.00000e+00 -1.00000e+00 -1.00000e+00
+7.17207e+03 -1.00000e+00 -1.00000e+00 -1.00000e+00
+7.17220e+03 -1.00000e+00 -1.00000e+00 -1.00000e+00
+7.17233e+03 -1.00000e+00 -1.00000e+00 -1.00000e+00
+7.17246e+03 -1.00000e+00 -1.00000e+00 -1.00000e+00
+7.17259e+03 -1.00000e+00 -1.00000e+00 -1.00000e+00
+7.17272e+03 -1.00000e+00 -1.00000e+00 -1.00000e+00
+7.17285e+03 -1.00000e+00 -1.00000e+00 -1.00000e+00
+7.17298e+03 -1.00000e+00 -1.00000e+00 -1.00000e+00
+7.17311e+03 -1.00000e+00 -1.00000e+00 -1.00000e+00
+7.17324e+03 -1.00000e+00 -1.00000e+00 -1.00000e+00
+7.17337e+03 -1.00000e+00 -1.00000e+00 -1.00000e+00
+7.17350e+03 -1.00000e+00 -1.00000e+00 -1.00000e+00
+7.17363e+03 -1.00000e+00 -1.00000e+00 -1.00000e+00
+7.17376e+03 -1.00000e+00 -1.00000e+00 -1.00000e+00
+7.17388e+03 -1.00000e+00 -1.00000e+00 -1.00000e+00
+7.17401e+03 -1.00000e+00 -1.00000e+00 -1.00000e+00
+7.17414e+03 -1.00000e+00 -1.00000e+00 -1.00000e+00
+7.17427e+03 -1.00000e+00 -1.00000e+00 -1.00000e+00
+7.17440e+03 -1.00000e+00 -1.00000e+00 -1.00000e+00
+7.17453e+03 -1.00000e+00 -1.00000e+00 -1.00000e+00
+7.17466e+03 -1.00000e+00 -1.00000e+00 -1.00000e+00
+7.17479e+03 -1.00000e+00 -1.00000e+00 -1.00000e+00
+7.17492e+03 -1.00000e+00 -1.00000e+00 -1.00000e+00
+7.17505e+03 -1.00000e+00 -1.00000e+00 -1.00000e+00
+7.17518e+03 -1.00000e+00 -1.00000e+00 -1.00000e+00
+7.17531e+03 -1.00000e+00 -1.00000e+00 -1.00000e+00
+7.17544e+03 -1.00000e+00 -1.00000e+00 -1.00000e+00
+7.17557e+03 -1.00000e+00 -1.00000e+00 -1.00000e+00
+7.17570e+03 -1.00000e+00 -1.00000e+00 -1.00000e+00
+7.17583e+03 -1.00000e+00 -1.00000e+00 -1.00000e+00
+7.17596e+03 -1.00000e+00 -1.00000e+00 -1.00000e+00
+7.17609e+03 -1.00000e+00 -1.00000e+00 -1.00000e+00
+7.17622e+03 -1.00000e+00 -1.00000e+00 -1.00000e+00
+7.17635e+03 -1.00000e+00 -1.00000e+00 -1.00000e+00
+7.17647e+03 -1.00000e+00 -1.00000e+00 -1.00000e+00
+7.17660e+03 -1.00000e+00 -1.00000e+00 -1.00000e+00
+7.17673e+03 -1.00000e+00 -1.00000e+00 -1.00000e+00
+7.17686e+03 -1.00000e+00 -1.00000e+00 -1.00000e+00
+7.17699e+03 -1.00000e+00 -1.00000e+00 -1.00000e+00
+7.17712e+03 -1.00000e+00 -1.00000e+00 -1.00000e+00
+7.17725e+03 -1.00000e+00 -1.00000e+00 -1.00000e+00
+7.17738e+03 -1.00000e+00 -1.00000e+00 -1.00000e+00
+7.17751e+03 -1.00000e+00 -1.00000e+00 -1.00000e+00
+7.17764e+03 -1.00000e+00 -1.00000e+00 -1.00000e+00
+7.17777e+03 -1.00000e+00 -1.00000e+00 -1.00000e+00
+7.17790e+03 -1.00000e+00 -1.00000e+00 -1.00000e+00
+7.17803e+03 -1.00000e+00 -1.00000e+00 -1.00000e+00
+7.17816e+03 -1.00000e+00 -1.00000e+00 -1.00000e+00
+7.17829e+03 -1.00000e+00 -1.00000e+00 -1.00000e+00
+7.17842e+03 -1.00000e+00 -1.00000e+00 -1.00000e+00
+7.17855e+03 -1.00000e+00 -1.00000e+00 -1.00000e+00
+7.17868e+03 -1.00000e+00 -1.00000e+00 -1.00000e+00
+7.17881e+03 -1.00000e+00 -1.00000e+00 -1.00000e+00
+7.17894e+03 -1.00000e+00 -1.00000e+00 -1.00000e+00
+7.17906e+03 -1.00000e+00 -1.00000e+00 -1.00000e+00
+7.17919e+03 -1.00000e+00 -1.00000e+00 -1.00000e+00
+7.17932e+03 -1.00000e+00 -1.00000e+00 -1.00000e+00
+7.17945e+03 -1.00000e+00 -1.00000e+00 -1.00000e+00
+7.17958e+03 -1.00000e+00 -1.00000e+00 -1.00000e+00
+7.17971e+03 -1.00000e+00 -1.00000e+00 -1.00000e+00
+7.17984e+03 -1.00000e+00 -1.00000e+00 -1.00000e+00
+7.17997e+03 -1.00000e+00 -1.00000e+00 -1.00000e+00
+7.18010e+03 -1.00000e+00 -1.00000e+00 -1.00000e+00
+7.18023e+03 -1.00000e+00 -1.00000e+00 -1.00000e+00
+7.18036e+03 -1.00000e+00 -1.00000e+00 -1.00000e+00
+7.18049e+03 -1.00000e+00 -1.00000e+00 -1.00000e+00
+7.18062e+03 -1.00000e+00 -1.00000e+00 -1.00000e+00
+7.18075e+03 -1.00000e+00 -1.00000e+00 -1.00000e+00
+7.18088e+03 -1.00000e+00 -1.00000e+00 -1.00000e+00
+7.18101e+03 -1.00000e+00 -1.00000e+00 -1.00000e+00
+7.18114e+03 -1.00000e+00 -1.00000e+00 -1.00000e+00
+7.18127e+03 -1.00000e+00 -1.00000e+00 -1.00000e+00
+7.18140e+03 -1.00000e+00 -1.00000e+00 -1.00000e+00
+7.18152e+03 -1.00000e+00 -1.00000e+00 -1.00000e+00
+7.18165e+03 -1.00000e+00 -1.00000e+00 -1.00000e+00
+7.18178e+03 -1.00000e+00 -1.00000e+00 -1.00000e+00
+7.18191e+03 -1.00000e+00 -1.00000e+00 -1.00000e+00
+7.18204e+03 -1.00000e+00 -1.00000e+00 -1.00000e+00
+7.18217e+03 -1.00000e+00 -1.00000e+00 -1.00000e+00
+7.18230e+03 -1.00000e+00 -1.00000e+00 -1.00000e+00
+7.18243e+03 -1.00000e+00 -1.00000e+00 -1.00000e+00
+7.18256e+03 -1.00000e+00 -1.00000e+00 -1.00000e+00
+7.18269e+03 -1.00000e+00 -1.00000e+00 -1.00000e+00
+7.18282e+03 -1.00000e+00 -1.00000e+00 -1.00000e+00
+7.18295e+03 -1.00000e+00 -1.00000e+00 -1.00000e+00
+7.18308e+03 -1.00000e+00 -1.00000e+00 -1.00000e+00
+7.18321e+03 -1.00000e+00 -1.00000e+00 -1.00000e+00
+7.18334e+03 -1.00000e+00 -1.00000e+00 -1.00000e+00
+7.18347e+03 -1.00000e+00 -1.00000e+00 -1.00000e+00
+7.18360e+03 -1.00000e+00 -1.00000e+00 -1.00000e+00
+7.18373e+03 -1.00000e+00 -1.00000e+00 -1.00000e+00
+7.18386e+03 -1.00000e+00 -1.00000e+00 -1.00000e+00
+7.18399e+03 -1.00000e+00 -1.00000e+00 -1.00000e+00
+7.18411e+03 -1.00000e+00 -1.00000e+00 -1.00000e+00
+7.18424e+03 -1.00000e+00 -1.00000e+00 -1.00000e+00
+7.18437e+03 -1.00000e+00 -1.00000e+00 -1.00000e+00
+7.18450e+03 -1.00000e+00 -1.00000e+00 -1.00000e+00
+7.18463e+03 -1.00000e+00 -1.00000e+00 -1.00000e+00
+7.18476e+03 -1.00000e+00 -1.00000e+00 -1.00000e+00
+7.18489e+03 -1.00000e+00 -1.00000e+00 -1.00000e+00
+7.18502e+03 -1.00000e+00 -1.00000e+00 -1.00000e+00
+7.18515e+03 -1.00000e+00 -1.00000e+00 -1.00000e+00
+7.18528e+03 -1.00000e+00 -1.00000e+00 -1.00000e+00
+7.18541e+03 -1.00000e+00 -1.00000e+00 -1.00000e+00
+7.18554e+03 -1.00000e+00 -1.00000e+00 -1.00000e+00
+7.18567e+03 -1.00000e+00 -1.00000e+00 -1.00000e+00
+7.18580e+03 -1.00000e+00 -1.00000e+00 -1.00000e+00
+7.18593e+03 -1.00000e+00 -1.00000e+00 -1.00000e+00
+7.18606e+03 -1.00000e+00 -1.00000e+00 -1.00000e+00
+7.18619e+03 -1.00000e+00 -1.00000e+00 -1.00000e+00
+7.18632e+03 -1.00000e+00 -1.00000e+00 -1.00000e+00
+7.18645e+03 -1.00000e+00 -1.00000e+00 -1.00000e+00
+7.18658e+03 -1.00000e+00 -1.00000e+00 -1.00000e+00
+7.18670e+03 -1.00000e+00 -1.00000e+00 -1.00000e+00
+7.18683e+03 -1.00000e+00 -1.00000e+00 -1.00000e+00
+7.18696e+03 -1.00000e+00 -1.00000e+00 -1.00000e+00
+7.18709e+03 -1.00000e+00 -1.00000e+00 -1.00000e+00
+7.18722e+03 -1.00000e+00 -1.00000e+00 -1.00000e+00
+7.18735e+03 -1.00000e+00 -1.00000e+00 -1.00000e+00
+7.18748e+03 -1.00000e+00 -1.00000e+00 -1.00000e+00
+7.18761e+03 -1.00000e+00 -1.00000e+00 -1.00000e+00
+7.18774e+03 -1.00000e+00 -1.00000e+00 -1.00000e+00
+7.18787e+03 -1.00000e+00 -1.00000e+00 -1.00000e+00
+7.18800e+03 -1.00000e+00 -1.00000e+00 -1.00000e+00
+7.18813e+03 -1.00000e+00 -1.00000e+00 -1.00000e+00
+7.18826e+03 -1.00000e+00 -1.00000e+00 -1.00000e+00
+7.18839e+03 -1.00000e+00 -1.00000e+00 -1.00000e+00
+7.18852e+03 -1.00000e+00 -1.00000e+00 -1.00000e+00
+7.18865e+03 -1.00000e+00 -1.00000e+00 -1.00000e+00
+7.18878e+03 -1.00000e+00 -1.00000e+00 -1.00000e+00
+7.18891e+03 -1.00000e+00 -1.00000e+00 -1.00000e+00
+7.18904e+03 -1.00000e+00 -1.00000e+00 -1.00000e+00
+7.18917e+03 -1.00000e+00 -1.00000e+00 -1.00000e+00
+7.18930e+03 -1.00000e+00 -1.00000e+00 -1.00000e+00
+7.18942e+03 -1.00000e+00 -1.00000e+00 -1.00000e+00
+7.18955e+03 -1.00000e+00 -1.00000e+00 -1.00000e+00
+7.18968e+03 -1.00000e+00 -1.00000e+00 -1.00000e+00
+7.18981e+03 -1.00000e+00 -1.00000e+00 -1.00000e+00
+7.18994e+03 -1.00000e+00 -1.00000e+00 -1.00000e+00
+7.19007e+03 -1.00000e+00 -1.00000e+00 -1.00000e+00
+7.19020e+03 -1.00000e+00 -1.00000e+00 -1.00000e+00
+7.19033e+03 -1.00000e+00 -1.00000e+00 -1.00000e+00
+7.19046e+03 -1.00000e+00 -1.00000e+00 -1.00000e+00
+7.19059e+03 -1.00000e+00 -1.00000e+00 -1.00000e+00
+7.19072e+03 -1.00000e+00 -1.00000e+00 -1.00000e+00
+7.19085e+03 -1.00000e+00 -1.00000e+00 -1.00000e+00
+7.19098e+03 -1.00000e+00 -1.00000e+00 -1.00000e+00
