E average_spectrum spectra
+7.05850e+03 +6.68249e-03 +3.93639e-03 +7.95311e-03 +1.05238e-02
+7.05863e+03 +7.15928e-03 -3.61517e-03 -9.23876e-03 +1.47820e-02
+7.05876e+03 +5.91005e-03 +3.21358e-04 -6.10581e-03 +5.86479e-03
+7.05889e+03 +5.70795e-03 +4.17779e-03 -5.46327e-03 +3.21369e-04
+7.05902e+03 +7.29561e-03 -7.55240e-03 +8.35585e-03 -5.86516e-03
+7.05915e+03 +6.13117e-03 +2.00868e-03 +6.42778e-03 +6.34743e-03
+7.05928e+03 +5.17613e-03 +9.56163e-03 +7.23148e-03 +5.22274e-03
+7.05941e+03 +5.67957e-03 -9.72263e-03 -1.27760e-02 +8.35664e-03
+7.05954e+03 +6.77619e-03 +1.10086e-02 +2.08923e-03 +1.86423e-02
+7.05967e+03 +7.50471e-03 +6.50895e-03 +9.00003e-03 +2.57144e-03
+7.05980e+03 +5.71207e-03 +5.38412e-03 +1.02057e-02 -1.03664e-02
+7.05992e+03 +6.47395e-03 -3.05377e-03 -2.12961e-02 +2.81269e-03
+7.06005e+03 +6.52372e-03 +6.58993e-03 +7.07212e-03 +5.22372e-03
+7.06018e+03 +7.62415e-03 +2.30655e-02 -1.60735e-03 +2.15385e-02
+7.06031e+03 +7.23598e-03 +5.86701e-03 +1.05285e-02 +1.02874e-02
+7.06044e+03 +6.10384e-03 -6.75129e-03 -6.26905e-03 -5.30458e-03
+7.06057e+03 +5.95449e-03 +2.28265e-02 -5.38512e-03 -4.17950e-03
+7.06070e+03 +7.05366e-03 +4.09925e-03 +9.56492e-03 +9.64530e-03
+7.06083e+03 +5.31629e-03 +5.70698e-03 -5.46584e-03 +1.20570e-02
+7.06096e+03 +7.37178e-03 -6.99327e-03 -4.90333e-03 +8.84207e-03
+7.06109e+03 +6.53936e-03 +8.68157e-03 +8.36003e-03 -3.85848e-03
+7.06122e+03 +4.73723e-03 -6.43099e-04 +6.59176e-03 -8.27990e-03
+7.06135e+03 +6.50269e-03 -7.63703e-03 -5.86846e-03 +9.72717e-03
+7.06148e+03 +6.12866e-03 +3.21569e-04 -4.50197e-03 +6.43138e-04
+7.06161e+03 +4.67259e-03 +9.32579e-03 -1.31043e-02 +9.16500e-03
+7.06174e+03 +7.85356e-03 -9.56727e-03 -6.02979e-03 +1.43911e-02
+7.06187e+03 +5.94613e-03 +5.86917e-03 -1.00500e-02 +2.17883e-02
+7.06200e+03 +4.13758e-03 +9.56785e-03 -6.03016e-03 +1.65628e-02
+7.06213e+03 +4.51476e-03 -1.12566e-03 -1.19803e-02 -6.27155e-03
+7.06226e+03 -3.52495e-04 -1.17394e-02 -5.95011e-03 -1.50361e-02
+7.06239e+03 +4.01614e-03 -1.06140e-02 -5.78947e-03 +5.54825e-03
+7.06251e+03 +4.73599e-03 +1.03731e-02 +5.95047e-03 +5.70924e-03
+7.06264e+03 +4.62820e-03 +8.84556e-03 -2.53305e-02 -1.06147e-02
+7.06277e+03 +6.39812e-03 -9.81083e-03 +5.62916e-03 +9.32833e-03
+7.06290e+03 +5.70452e-03 -5.62933e-04 -4.74472e-03 -1.60838e-03
+7.06303e+03 +4.80138e-03 -7.23793e-04 +7.96172e-03 -4.82529e-04
+7.06316e+03 +5.51882e-03 +3.37780e-03 -5.46882e-03 +4.82543e-03
+7.06329e+03 +7.48478e-03 +1.61657e-02 +6.35367e-03 +2.14738e-02
+7.06342e+03 +5.54792e-03 +8.92757e-03 +1.19839e-02 +6.99729e-03
+7.06355e+03 +5.83853e-03 +7.64094e-03 +1.49602e-02 -4.66500e-03
+7.06368e+03 +6.34498e-03 +5.54990e-03 -7.07813e-03 +1.54432e-02
+7.06381e+03 +4.06460e-03 -4.74571e-03 +3.45874e-03 +1.30306e-02
+7.06394e+03 +4.06869e-03 +4.82629e-03 +7.23943e-03 -5.63067e-03
+7.06407e+03 +4.81834e-03 +1.78578e-02 -2.01101e-03 -2.81542e-03
+7.06420e+03 +5.13663e-03 -6.99852e-03 -9.73358e-03 +8.44649e-03
+7.06433e+03 +6.28129e-03 -5.30938e-03 -6.51606e-03 +8.92941e-03
+7.06446e+03 +5.51342e-03 +4.10282e-03 -3.94193e-03 +6.99893e-03
+7.06459e+03 -4.69644e-03 +1.01367e-02 +7.24049e-03 -1.07803e-02
+7.06472e+03 +3.53301e-03 +4.02261e-04 -3.62035e-03 -2.73537e-03
+7.06485e+03 +4.54425e-03 -1.60909e-03 +5.22954e-03 -2.41364e-03
+7.06498e+03 +1.45064e-03 +9.65482e-03 -4.82741e-04 -1.03789e-02
+7.06510e+03 +4.50737e-03 -2.81607e-03 +2.17240e-03 +1.11838e-02
+7.06523e+03 +5.42833e-03 -4.74723e-03 -4.82769e-03 +1.33566e-02
+7.06536e+03 +5.09975e-03 +5.95432e-03 -1.29547e-02 -1.33570e-02
+7.06549e+03 +5.10696e-03 +1.59323e-02 +1.07020e-02 +8.04661e-04
+7.06562e+03 +5.01989e-03 +2.27726e-02 -1.77030e-03 -1.84273e-02
+7.06575e+03 +4.93115e-03 +6.03530e-03 +3.78212e-03 -6.51812e-03
+7.06588e+03 +6.35540e-03 +3.45304e-19 +3.21892e-04 -6.03547e-03
+7.06601e+03 +5.19007e-03 -1.01399e-02 +2.57521e-03 -1.34394e-02
+7.06614e+03 +6.05996e-03 -2.57528e-03 +8.85253e-04 +9.57683e-03
+7.06627e+03 +5.97536e-03 +8.20894e-03 +1.77056e-03 +2.73631e-03
+7.06640e+03 +5.30507e-03 -3.21928e-03 -4.18507e-03 +1.73841e-02
+7.06653e+03 +5.42617e-03 +4.90955e-03 -1.26360e-02 -5.39245e-03
+7.06666e+03 +5.12472e-03 -6.76088e-03 -1.73851e-02 -2.17314e-03
+7.06679e+03 +5.59107e-03 +2.09271e-03 -1.65807e-02 +3.30004e-03
+7.06692e+03 +6.32070e-03 +3.13915e-03 +4.34652e-03 +4.42701e-03
+7.06705e+03 +4.41520e-03 +5.95651e-03 -3.86368e-03 +1.21545e-02
+7.06718e+03 +4.87106e-03 -4.02478e-03 +1.29598e-02 -1.26378e-02
+7.06731e+03 +5.09466e-03 +6.35933e-03 +1.77095e-03 +5.87634e-03
+7.06744e+03 +5.44941e-03 -2.41500e-03 -7.64751e-03 -2.89800e-03
+7.06756e+03 +5.06333e-03 +1.07068e-02 -1.28804e-02 -1.69055e-03
+7.06769e+03 +4.54511e-03 +1.23977e-02 -7.24541e-03 -1.28807e-03
+7.06782e+03 +4.56598e-03 +1.37667e-02 -2.41520e-03 -4.74990e-03
+7.06795e+03 +6.82295e-03 +1.93221e-03 -1.10297e-02 -2.65680e-03
+7.06808e+03 +5.61731e-03 +8.29265e-03 -5.63578e-03 +4.91118e-03
+7.06821e+03 +5.46395e-03 +1.17550e-02 +2.57643e-03 +6.19953e-03
+7.06834e+03 +4.96396e-03 +1.52980e-02 +2.33495e-03 -1.65057e-02
+7.06847e+03 +4.42646e-03 +1.52179e-02 -1.15101e-19 -1.69087e-03
+7.06860e+03 +5.15636e-03 +2.27066e-02 -7.32731e-03 +3.05976e-03
+7.06873e+03 +3.09321e-03 +1.20783e-02 -6.60281e-03 -1.83590e-02
+7.06886e+03 +4.85119e-03 +1.44138e-02 -9.01872e-03 -1.28839e-02
+7.06899e+03 +5.28741e-03 +1.27232e-02 +8.69686e-03 +1.03879e-02
+7.06912e+03 +5.93675e-03 -2.57692e-03 -6.84493e-03 +7.00599e-03
+7.06925e+03 +5.53457e-03 +1.61062e-04 -8.63259e-20 +3.46282e-02
+7.06938e+03 +1.03874e-02 +2.25492e-02 +8.77809e-03 +1.49791e-02
+7.06951e+03 +8.04698e-03 +1.86841e-02 -1.71540e-02 +5.63746e-04
+7.06964e+03 +7.93108e-03 +1.65907e-02 -6.20137e-03 +2.19867e-02
+7.06977e+03 +7.52332e-03 +1.13561e-02 -9.98688e-03 +8.93987e-03
+7.06990e+03 +5.14047e-03 +1.69943e-02 +1.37726e-02 +1.48196e-02
+7.07003e+03 +4.71055e-03 +2.41631e-03 -9.58470e-03 +2.25522e-03
+7.07015e+03 +8.50653e-03 +8.86004e-03 -5.71875e-03 +4.10783e-03
+7.07028e+03 +6.90457e-03 +1.07129e-02 +1.93315e-03 +1.49819e-02
+7.07041e+03 +5.24640e-03 +1.18409e-02 +7.24950e-04 +6.92730e-03
+7.07054e+03 +6.79014e-03 +1.04718e-02 +3.54429e-03 +5.23589e-03
+7.07067e+03 +6.91755e-03 -3.30272e-03 -7.73321e-03 -2.89995e-03
+7.07080e+03 +6.21139e-03 +3.46392e-03 +1.39362e-02 +1.40168e-02
+7.07093e+03 +5.61416e-03 +1.46616e-02 -8.21696e-03 +1.38561e-02
+7.07106e+03 +6.50629e-03 +1.09562e-02 -2.51349e-02 -4.10859e-03
+7.07119e+03 +7.62270e-03 -7.65345e-03 -1.87711e-02 +1.28900e-03
+7.07132e+03 +6.15962e-03 -2.41694e-04 +2.01412e-03 -3.06146e-03
+7.07145e+03 +6.28121e-03 -2.49757e-03 -4.35061e-03 +4.02834e-04
+7.07158e+03 +6.50029e-03 +1.63555e-02 -5.55925e-03 +5.31754e-03
+7.07171e+03 +1.19361e-02 +1.02325e-02 +6.36510e-03 +1.35359e-02
+7.07184e+03 +8.58496e-03 +1.86929e-02 +3.94808e-03 -5.47896e-03
+7.07197e+03 +6.14617e-03 +1.82905e-02 +2.17553e-03 -4.35105e-03
+7.07210e+03 +8.01160e-03 +1.77270e-02 -1.20866e-02 +3.62597e-03
+7.07223e+03 +7.11451e-03 -5.96286e-03 +1.51489e-02 +1.45848e-02
+7.07236e+03 +5.81353e-03 +1.01532e-02 +2.73976e-03 -9.75032e-03
+7.07249e+03 +7.46509e-03 +2.98158e-03 -2.01458e-03 +8.94474e-03
+7.07262e+03 +5.22618e-03 -5.47980e-03 +7.25267e-04 +1.09596e-02
+7.07274e+03 +6.80676e-03 -3.22349e-04 -2.00662e-02 -4.83524e-04
+7.07287e+03 +8.34856e-03 +8.22011e-03 -1.59567e-02 +1.77296e-02
+7.07300e+03 +8.65555e-03 -4.11016e-03 +1.42647e-02 +1.49094e-02
+7.07313e+03 +6.14775e-03 +1.71664e-02 +2.41780e-03 +5.64153e-04
+7.07326e+03 +8.29716e-03 +1.53937e-02 +2.74024e-03 +1.48295e-02
+7.07339e+03 +7.07766e-03 +8.94630e-03 -1.20896e-03 +1.41045e-02
+7.07352e+03 +6.40975e-03 -1.04779e-03 -7.97933e-03 -1.93438e-03
+7.07365e+03 +9.59102e-03 +7.25412e-04 -1.87801e-02 +1.91831e-02
+7.07378e+03 +5.58393e-03 +2.41810e-03 -4.83620e-04 -3.38534e-03
+7.07391e+03 +8.08785e-03 +3.94966e-03 +2.02319e-02 -2.33755e-03
+7.07404e+03 +8.38960e-03 +1.06402e-02 -6.44858e-04 +1.63633e-02
+7.07417e+03 +7.94968e-03 -3.46620e-03 -4.11107e-03 +1.53158e-02
+7.07430e+03 +5.43311e-03 +1.32202e-02 -2.09589e-03 +4.51423e-03
+7.07443e+03 +8.16486e-03 +7.49703e-03 -1.20920e-03 -1.93472e-03
+7.07456e+03 +5.60011e-03 -1.45107e-03 -1.16086e-02 +4.19199e-03
+7.07469e+03 +7.77928e-03 +1.14476e-02 +9.19035e-03 +4.99826e-03
+7.07482e+03 +8.03548e-03 +6.20767e-03 -7.73943e-03 +1.50758e-02
+7.07495e+03 +8.53355e-03 -2.41863e-03 -1.61242e-03 +1.20125e-02
+7.07508e+03 +6.30588e-03 +1.70114e-02 +5.15987e-03 +1.93495e-02
+7.07521e+03 +6.62911e-03 +9.51373e-03 +1.37868e-02 +1.39481e-02
+7.07534e+03 +8.24427e-03 +1.77379e-02 +3.14444e-03 -1.29003e-03
+7.07546e+03 +7.43518e-03 +1.98347e-02 -7.82098e-03 +1.13686e-02
+7.07559e+03 +6.52064e-03 +4.59594e-03 -4.67658e-03 +8.06306e-03
+7.07572e+03 +8.35787e-03 -3.22530e-04 -9.67590e-04 +1.49170e-02
+7.07585e+03 +7.18502e-03 -2.98347e-03 -7.17646e-03 +4.59616e-03
+7.07598e+03 +7.89300e-03 +2.82227e-03 +4.75754e-03 +2.49973e-03
+7.07611e+03 +7.75144e-03 +1.26602e-02 -8.06382e-05 +1.45149e-02
+7.07624e+03 +9.28670e-03 +1.40314e-02 -5.80609e-03 +1.39507e-02
+7.07637e+03 +9.50774e-03 -5.24173e-03 -8.46741e-03 +1.00803e-02
+7.07650e+03 +8.58042e-03 +2.04835e-02 +4.03219e-04 +1.08063e-02
+7.07663e+03 +7.82533e-03 -6.93554e-03 -7.74199e-03 +5.00004e-03
+7.07676e+03 +6.83224e-03 +1.30649e-02 -4.19368e-03 +1.61295e-04
+7.07689e+03 +9.13194e-03 +3.06468e-03 -1.93559e-03 +1.47589e-02
+7.07702e+03 +8.89786e-03 +2.41954e-04 -3.14540e-03 +1.64529e-02
+7.07715e+03 +7.74813e-03 +1.13721e-02 -2.30668e-02 +2.03246e-02
+7.07728e+03 +6.94189e-03 -3.79079e-03 +1.52438e-02 +8.46878e-03
+7.07741e+03 +6.15529e-03 +2.29066e-02 -1.61314e-02 +1.90350e-02
+7.07754e+03 +6.29882e-03 +7.17863e-03 -6.45270e-04 +1.12922e-02
+7.07767e+03 +8.30047e-03 +2.33916e-03 +5.56558e-03 +6.77549e-03
+7.07780e+03 +9.21680e-03 +6.04968e-03 +6.45300e-04 -2.25855e-03
+7.07793e+03 +8.01579e-03 +1.48422e-02 -2.82325e-03 +2.18600e-02
+7.07805e+03 +6.37952e-03 +7.42128e-03 -8.46994e-03 +5.08196e-03
+7.07818e+03 +9.79501e-03 +1.21002e-02 -4.03340e-03 -1.29069e-03
+7.07831e+03 +7.65910e-03 +7.58295e-03 -1.69406e-02 +1.61339e-03
+7.07844e+03 +7.69916e-03 +2.73476e-02 +1.21007e-03 +3.06552e-03
+7.07857e+03 +7.14040e-03 +2.16205e-02 +1.42792e-02 +1.45212e-03
+7.07870e+03 +7.24844e-03 +5.32456e-03 +9.19697e-03 +8.39021e-03
+7.07883e+03 +7.44115e-03 -5.80874e-03 -5.00197e-03 +3.63046e-03
+7.07896e+03 +8.91715e-03 +2.58172e-03 +8.87466e-03 -5.88955e-03
+7.07909e+03 +6.90656e-03 +6.53512e-03 -2.74314e-03 +2.01701e-02
+7.07922e+03 +5.82732e-03 +1.98478e-02 -8.31027e-03 +5.40571e-03
+7.07935e+03 +6.51309e-03 +2.58189e-03 -4.51831e-03 -4.67967e-03
+7.07948e+03 +6.17206e-03 +8.06858e-05 +9.68230e-04 -1.61372e-03
+7.07961e+03 +4.16482e-03 -3.95369e-03 +9.03701e-03 +6.61638e-03
+7.07974e+03 +7.48515e-03 +6.45515e-04 +5.32550e-03 -1.69448e-03
+7.07987e+03 +6.04981e-03 -7.26220e-04 +1.26611e-18 +5.24492e-03
+7.08000e+03 +8.26842e-03 +1.28302e-02 +2.03346e-02 -9.52175e-03
+7.08013e+03 +7.09861e-03 +6.61696e-03 +6.85904e-03 +3.71195e-03
+7.08026e+03 +7.01538e-03 +6.53640e-03 -9.68356e-03 +2.25950e-03
+7.08039e+03 +9.92272e-03 +1.04100e-02 -4.68049e-03 +9.84516e-03
+7.08052e+03 +8.79910e-03 +2.98589e-03 -1.93679e-03 +8.87697e-04
+7.08064e+03 +7.77151e-03 +8.47366e-03 -1.19438e-02 +3.79297e-03
+7.08077e+03 +7.44805e-03 -5.64922e-04 +3.22813e-03 -6.45626e-03
+7.08090e+03 +8.09627e-03 +8.95825e-03 -8.87754e-04 -3.47031e-03
+7.08103e+03 +8.09362e-03 +1.39622e-02 +8.07066e-04 +1.95310e-02
+7.08116e+03 +7.00894e-03 +8.23225e-03 +1.53346e-03 +1.69488e-03
+7.08129e+03 +1.03489e-02 +4.43905e-03 +7.26390e-04 +1.71105e-02
+7.08142e+03 +8.58800e-03 +1.77566e-03 -4.19701e-03 +1.25103e-02
+7.08155e+03 +6.48936e-03 +1.95326e-02 -1.38827e-02 +1.80798e-02
+7.08168e+03 +1.14680e-02 -1.85645e-03 +2.16316e-02 +2.16316e-02
+7.08181e+03 +9.75924e-03 +3.47082e-03 +6.45734e-04 +1.13003e-03
+7.08194e+03 +6.69524e-03 -7.18394e-03 +6.45748e-03 -8.07184e-04
+7.08207e+03 +9.57439e-03 -5.56969e-03 -6.37689e-03 +8.07201e-05
+7.08220e+03 +9.57854e-03 +6.29630e-03 +2.44587e-02 +6.69991e-03
+7.08233e+03 +9.07125e-03 +6.86149e-03 +1.61447e-03 +1.29157e-03
+7.08246e+03 +9.02462e-03 -2.01813e-03 +5.97366e-03 +8.07251e-05
+7.08259e+03 +7.96414e-03 +8.31485e-03 +3.55198e-03 +5.81232e-03
+7.08272e+03 +1.00399e-02 +1.93748e-02 +7.74992e-03 -1.18671e-02
+7.08285e+03 +7.65576e-03 -2.09898e-03 -7.83081e-03 +5.08599e-03
+7.08298e+03 +8.04329e-03 +1.83261e-02 -2.27663e-02 +1.30785e-02
+7.08310e+03 +6.80353e-03 -7.26599e-04 +2.01833e-03 +8.31553e-03
+7.08323e+03 +8.45263e-03 +7.58908e-03 +6.53953e-03 +1.45323e-03
+7.08336e+03 +9.55086e-03 +2.66430e-03 -1.77620e-03 +2.58357e-03
+7.08349e+03 +9.78295e-03 +4.03691e-04 +5.24798e-03 +1.45329e-03
+7.08362e+03 +7.97758e-03 +5.97474e-03 +5.24808e-03 +1.61479e-03
+7.08375e+03 +9.00553e-03 +7.02450e-03 +1.37260e-03 +4.03707e-03
+7.08388e+03 +7.13866e-03 -4.84458e-04 -1.60678e-02 +6.45943e-03
+7.08401e+03 +8.24200e-03 +7.10552e-03 -1.63911e-02 +3.14904e-03
+7.08414e+03 +8.51225e-03 +9.85103e-03 -9.68953e-03 -2.98761e-03
+7.08427e+03 +1.04648e-02 +1.93794e-03 -5.41010e-03 +7.26729e-03
+7.08440e+03 +8.13773e-03 +5.81395e-03 +8.47867e-03 +1.28391e-02
+7.08453e+03 +1.12036e-02 +2.48713e-02 -1.30816e-02 +2.18027e-02
+7.08466e+03 +9.23758e-03 -3.14934e-03 -4.84514e-03 +6.46019e-03
+7.08479e+03 +7.85853e-03 +6.13730e-03 +2.82639e-03 -6.54107e-03
+7.08492e+03 +8.66027e-03 +1.70394e-02 -1.46975e-02 +2.01889e-03
+7.08505e+03 +1.18874e-02 +3.23028e-02 -3.23028e-03 +1.39710e-02
+7.08518e+03 +7.74291e-03 +1.92206e-02 -3.23034e-04 +1.21138e-03
+7.08531e+03 +7.75329e-03 +8.15678e-03 -1.83326e-02 +8.31830e-03
+7.08544e+03 +7.66182e-03 +1.70407e-02 +2.58437e-03 +7.02627e-03
+7.08557e+03 +1.13117e-02 -8.07632e-04 -3.95740e-03 +6.78411e-03
+7.08569e+03 +9.88291e-03 +1.12263e-02 +1.07417e-02 +2.58447e-03
+7.08582e+03 +9.46572e-03 +3.71525e-03 +1.74455e-02 -6.54207e-03
+7.08595e+03 +9.34030e-03 +6.46142e-04 +1.84958e-02 +8.39985e-03
+7.08608e+03 +8.60821e-03 +7.10770e-03 -1.45385e-02 +3.39231e-03
+7.08621e+03 +8.84620e-03 +1.80119e-02 -5.81550e-03 +8.88479e-04
+7.08634e+03 +7.98282e-03 +9.45036e-03 -1.54275e-02 +1.61545e-04
+7.08647e+03 +1.07986e-02 +3.23095e-04 -1.29238e-02 +2.18089e-03
+7.08660e+03 +1.09651e-02 +1.54281e-02 -4.60419e-03 +2.33441e-02
+7.08673e+03 +1.03923e-02 +1.68016e-02 -6.86603e-03 +2.74641e-03
+7.08686e+03 +9.63321e-03 +9.12795e-03 +4.60436e-03 +1.23591e-02
+7.08699e+03 +1.11968e-02 +1.66406e-02 +1.25209e-02 +5.25068e-03
+7.08712e+03 +1.13783e-02 +3.63516e-03 -1.51061e-02 +5.81625e-03
+7.08725e+03 +8.91818e-03 -5.89714e-03 -1.37331e-02 +5.25088e-03
+7.08738e+03 +1.16436e-02 +2.18925e-02 -1.13906e-02 +2.50431e-03
+7.08751e+03 +9.75423e-03 +1.17947e-02 +6.46285e-04 -4.44321e-03
+7.08764e+03 +1.18729e-02 -1.61574e-03 +2.74676e-03 +8.24028e-03
+7.08777e+03 +8.29725e-03 +5.33204e-03 -7.35175e-03 +5.65520e-04
+7.08790e+03 +1.05605e-02 -1.48654e-02 +1.85817e-03 +1.24417e-02
+7.08803e+03 +1.02847e-02 +8.48310e-03 -2.82770e-03 -4.20115e-03
+7.08816e+03 +1.38115e-02 +1.28461e-02 +2.42378e-04 +1.45427e-03
+7.08828e+03 +1.14356e-02 +1.21191e-03 -1.61588e-03 -4.20130e-03
+7.08841e+03 +1.04803e-02 -7.27161e-03 +1.99565e-02 +1.95526e-02
+7.08854e+03 +1.03820e-02 +1.12308e-02 -1.26851e-02 +1.01804e-02
+7.08867e+03 +1.19281e-02 -1.53517e-03 +3.47434e-03 -6.22148e-03
+7.08880e+03 +1.08842e-02 +1.45440e-02 +6.62559e-03 +1.06656e-02
+7.08893e+03 +1.04663e-02 +1.81803e-02 -1.54330e-02 +1.20394e-02
+7.08906e+03 +1.34232e-02 +5.25218e-03 +3.23211e-03 +2.02007e-03
+7.08919e+03 +1.31005e-02 -1.43023e-02 -1.41407e-02 +1.52720e-02
+7.08932e+03 +1.06139e-02 +9.69666e-04 -6.14122e-03 +9.13102e-03
+7.08945e+03 +1.31350e-02 +6.06051e-03 +1.09089e-02 +3.87873e-03
+7.08958e+03 +1.19334e-02 +7.43436e-03 -5.17173e-03 +7.83840e-03
+7.08971e+03 +1.39094e-02 +1.61619e-04 -4.84858e-04 +1.89903e-02
+7.08984e+03 +1.15126e-02 +1.05054e-03 +4.68704e-03 +9.77813e-03
+7.08997e+03 +1.08022e-02 +2.42437e-03 -1.48695e-02 +6.06093e-03
+7.09010e+03 +1.32109e-02 +1.09907e-02 +4.84882e-03 +4.84882e-04
+7.09023e+03 +1.49216e-02 +2.90934e-03 +4.76809e-03 +2.12544e-02
+7.09036e+03 +1.39988e-02 +1.40621e-02 -1.40621e-02 +2.05274e-02
+7.09049e+03 +1.36019e-02 +5.57642e-03 +5.01070e-03 +4.04089e-04
+7.09062e+03 +1.56928e-02 +1.29311e-03 +3.87932e-03 +3.79850e-03
+7.09075e+03 +1.49260e-02 +5.33415e-03 +3.71774e-03 +9.69845e-03
+7.09088e+03 +1.47435e-02 +7.67806e-03 +5.17259e-03 +1.18808e-02
+7.09100e+03 +1.50633e-02 +2.65100e-02 -2.99045e-03 +4.60691e-03
+7.09113e+03 +1.58037e-02 -1.28511e-02 +2.18226e-03 +8.48656e-03
+7.09126e+03 +1.49032e-02 +2.42477e-03 -6.70853e-03 -1.77816e-03
+7.09139e+03 +1.73674e-02 +3.71804e-03 -9.69924e-04 +9.13345e-03
+7.09152e+03 +1.79629e-02 +1.75397e-02 -4.44556e-03 +3.07147e-03
+7.09165e+03 +1.66996e-02 +5.33475e-03 +3.39484e-03 +4.04148e-03
+7.09178e+03 +1.62801e-02 +6.30481e-03 -1.72170e-02 +5.17318e-03
+7.09191e+03 +1.72122e-02 +4.04161e-03 -6.22408e-03 -2.34413e-03
+7.09204e+03 +1.70369e-02 -4.76917e-03 +8.97251e-03 +6.38584e-03
+7.09217e+03 +1.81021e-02 +1.05085e-02 +1.13169e-03 +1.15594e-02
+7.09230e+03 +1.62580e-02 +1.13170e-02 -8.89196e-03 +1.75414e-02
+7.09243e+03 +1.73555e-02 +7.59870e-03 +2.21494e-02 +1.16406e-02
+7.09256e+03 +1.59354e-02 +1.76228e-02 -7.51798e-03 +4.36528e-03
+7.09269e+03 +1.87952e-02 -1.21260e-03 -1.70572e-02 +1.13176e-03
+7.09282e+03 +1.87460e-02 +7.92242e-03 -3.07196e-03 +1.09135e-02
+7.09295e+03 +1.67877e-02 -2.02106e-03 -1.42282e-02 +9.37770e-03
+7.09308e+03 +1.93547e-02 +4.04217e-03 +1.06713e-02 +1.47135e-02
+7.09321e+03 +1.92227e-02 -4.85068e-04 -5.73998e-03 +1.27735e-02
+7.09334e+03 +2.07607e-02 +8.97390e-03 -2.15050e-02 +4.04230e-03
+7.09347e+03 +2.06027e-02 +1.61694e-04 -1.26930e-02 +1.43908e-02
+7.09359e+03 +1.97957e-02 +9.78266e-03 -1.11571e-02 -5.41684e-03
+7.09372e+03 +2.02812e-02 +1.21274e-03 +1.18849e-02 +3.55738e-03
+7.09385e+03 +2.20008e-02 +8.24678e-03 +4.36594e-03 +2.10212e-02
+7.09398e+03 +2.14691e-02 +2.58727e-03 +1.08342e-02 +6.79157e-03
+7.09411e+03 +2.31605e-02 +7.92362e-03 +4.52778e-03 -1.50387e-02
+7.09424e+03 +2.11558e-02 +7.84288e-03 +1.13196e-03 +2.19924e-02
+7.09437e+03 +2.14076e-02 -4.85134e-04 -1.53626e-03 +6.22588e-03
+7.09450e+03 +2.07192e-02 +1.68182e-02 -1.35839e-02 -1.79502e-02
+7.09463e+03 +2.00173e-02 -4.85148e-04 -9.78382e-03 -1.90016e-02
+7.09476e+03 +2.27868e-02 +5.57928e-03 -1.61718e-04 +2.50663e-03
+7.09489e+03 +2.27212e-02 -4.28560e-03 +8.16689e-03 +4.04302e-03
+7.09502e+03 +2.50457e-02 +4.77083e-03 -6.38806e-03 +4.77083e-03
+7.09515e+03 +2.29625e-02 +1.33423e-02 +3.07278e-03 +1.25337e-02
+7.09528e+03 +2.40981e-02 +1.07549e-02 -1.51215e-02 -5.17528e-03
+7.09541e+03 +2.61307e-02 -3.80065e-03 +1.10785e-02 +1.14828e-02
+7.09554e+03 +2.48785e-02 +7.19708e-03 -6.55015e-03 +1.34238e-02
+7.09567e+03 +2.62546e-02 +8.32933e-03 +8.97626e-03 -1.61734e-03
+7.09580e+03 +3.00543e-02 +5.25644e-03 -3.39647e-03 -1.29389e-03
+7.09593e+03 +2.74032e-02 +2.15113e-02 -1.69017e-02 +2.26435e-03
+7.09606e+03 +3.15053e-02 +1.76298e-02 +4.85224e-03 +2.02985e-02
+7.09618e+03 +3.03177e-02 +1.01090e-02 -5.09492e-03 +3.72010e-03
+7.09631e+03 +3.07752e-02 +7.68292e-03 -9.70474e-03 -1.45571e-02
+7.09644e+03 +3.10694e-02 +9.21963e-03 +4.60982e-03 +2.70119e-02
+7.09657e+03 +3.02856e-02 +2.11084e-02 +1.60133e-02 +2.42625e-04
+7.09670e+03 +3.30212e-02 +1.72266e-02 +8.08762e-05 +3.15417e-03
+7.09683e+03 +3.16787e-02 +2.15942e-02 +3.31597e-03 +2.49911e-02
+7.09696e+03 +3.31053e-02 -9.70540e-03 -1.99770e-02 +1.86020e-03
+7.09709e+03 +3.21705e-02 +1.83596e-02 -1.82788e-02 +3.63958e-03
+7.09722e+03 +3.67203e-02 +7.60277e-03 +1.13233e-03 -2.99258e-03
+7.09735e+03 +3.39973e-02 +1.86028e-03 -1.06764e-02 +1.12425e-02
+7.09748e+03 +3.49347e-02 +1.65001e-02 +7.27944e-04 +1.01912e-02
+7.09761e+03 +3.28254e-02 +2.10298e-03 +1.48826e-02 +1.99783e-02
+7.09774e+03 +3.35731e-02 +7.60317e-03 +7.36052e-03 +6.71344e-03
+7.09787e+03 +3.39187e-02 -3.55898e-03 -2.26480e-03 +1.83611e-02
+7.09800e+03 +3.14334e-02 +1.64200e-02 -7.44159e-03 -7.68426e-03
+7.09813e+03 +3.34247e-02 +3.39729e-03 -4.93416e-03 -5.01505e-03
+7.09826e+03 +3.28029e-02 +1.77956e-03 -4.04445e-04 +1.11627e-02
+7.09839e+03 +3.59108e-02 +1.93327e-02 -1.21335e-03 +8.57434e-03
+7.09852e+03 +3.70684e-02 +1.17292e-02 +2.91208e-03 +9.62603e-03
+7.09865e+03 +3.40419e-02 +2.24880e-02 -4.69174e-03 -8.33188e-03
+7.09877e+03 +4.15408e-02 +9.54538e-03 +1.05161e-03 +1.86054e-02
+7.09890e+03 +3.74955e-02 +1.03544e-02 +5.25812e-03 +9.86908e-03
+7.09903e+03 +3.94474e-02 +1.32668e-02 -9.30294e-03 +7.36145e-03
+7.09916e+03 +4.29255e-02 +5.98631e-03 +1.13255e-02 +1.04356e-02
+7.09929e+03 +4.24374e-02 +6.22908e-03 -9.95034e-03 -3.47858e-03
+7.09942e+03 +4.56414e-02 +7.68532e-03 -1.58560e-02 -4.44940e-03
+7.09955e+03 +4.52308e-02 +1.77169e-02 -8.73710e-03 +1.47236e-02
+7.09968e+03 +4.54662e-02 +1.45620e-03 -8.89901e-03 +8.57541e-03
+7.09981e+03 +4.67500e-02 +6.22938e-03 +1.05171e-03 +3.80235e-03
+7.09994e+03 +4.82306e-02 +1.14881e-02 +6.95757e-03 +4.36871e-03
+7.10007e+03 +4.79642e-02 +1.00320e-02 -1.15691e-02 -7.76669e-03
+7.10020e+03 +5.03435e-02 +9.87028e-03 -7.44316e-03 +1.49672e-02
+7.10033e+03 +5.25887e-02 +4.77339e-03 +8.89954e-03 +8.25230e-03
+7.10046e+03 +5.46484e-02 +1.09223e-02 +0.00000e+00 +8.65693e-03
+7.10059e+03 +5.12100e-02 +1.25406e-02 -8.41431e-03 -7.11980e-03
+7.10072e+03 +5.66385e-02 -2.02269e-03 +8.33350e-03 +4.69265e-03
+7.10085e+03 +5.57505e-02 +1.08418e-02 +8.09087e-05 +1.35927e-02
+7.10098e+03 +5.32532e-02 +9.54734e-03 -7.44369e-03 -5.90640e-03
+7.10111e+03 +5.54160e-02 -5.98738e-03 +1.67485e-02 +1.32693e-02
+7.10123e+03 +5.66353e-02 -1.14085e-02 +1.14894e-02 +6.79656e-03
+7.10136e+03 +5.61056e-02 +7.68668e-03 +8.98128e-03 +2.29791e-02
+7.10149e+03 +5.69298e-02 +7.28220e-04 +4.77389e-03 +4.69297e-03
+7.10162e+03 +5.93163e-02 +5.09760e-03 +9.87154e-03 +2.50834e-03
+7.10175e+03 +5.80174e-02 +8.90066e-03 -8.73883e-03 +1.43220e-02
+7.10188e+03 +5.70453e-02 +6.63511e-03 -3.23664e-04 +1.86107e-03
+7.10201e+03 +5.94499e-02 +6.14969e-03 -1.51315e-02 +1.14902e-02
+7.10214e+03 +6.20911e-02 +3.04251e-02 -8.90096e-03 +2.38708e-02
+7.10227e+03 +6.18455e-02 +1.29470e-03 +2.38710e-02 +7.68728e-03
+7.10240e+03 +6.30981e-02 +1.31899e-02 -1.53747e-03 +1.67503e-02
+7.10253e+03 +5.56500e-02 -1.61841e-02 +3.88418e-03 -1.52940e-02
+7.10266e+03 +6.35668e-02 -5.50265e-03 +2.99409e-03 +4.61251e-03
+7.10279e+03 +6.45016e-02 +1.06817e-02 +1.86121e-03 -7.12115e-03
+7.10292e+03 +6.85506e-02 +3.96523e-03 +5.66461e-04 +2.07163e-02
+7.10305e+03 +6.74222e-02 +1.84506e-02 -6.87853e-03 +7.68777e-03
+7.10318e+03 +6.73627e-02 -8.33525e-03 +9.46819e-03 +1.42428e-02
+7.10331e+03 +6.85486e-02 +8.01163e-03 +6.71682e-03 +4.28905e-03
+7.10344e+03 +7.01955e-02 +4.61280e-03 -1.24627e-02 -2.83242e-03
+7.10357e+03 +7.02909e-02 +7.68809e-03 +8.90200e-04 -9.87312e-03
+7.10370e+03 +7.17778e-02 +1.53763e-03 -1.14918e-02 +1.00351e-02
+7.10382e+03 +7.18556e-02 +8.09289e-03 +4.04644e-04 +9.79239e-03
+7.10395e+03 +7.15702e-02 +1.44055e-02 +1.07636e-02 +1.18967e-02
+7.10408e+03 +7.49022e-02 +1.78047e-03 +5.74607e-03 +1.81284e-02
+7.10421e+03 +7.58217e-02 +6.06985e-03 +6.55544e-03 +2.53315e-02
+7.10434e+03 +7.44935e-02 +8.25508e-03 +2.02330e-03 +1.65102e-02
+7.10447e+03 +7.50822e-02 +1.65912e-02 +1.63484e-02 +1.01166e-02
+7.10460e+03 +7.44606e-02 +1.23019e-02 -1.44871e-02 +1.01167e-02
+7.10473e+03 +7.20055e-02 +3.64205e-03 +2.18523e-03 +7.76971e-03
+7.10486e+03 +6.31857e-02 +1.73201e-02 -1.92626e-02 +7.93166e-03
+7.10499e+03 +7.33331e-02 +3.15651e-03 +6.71769e-03 -6.87956e-03
+7.10512e+03 +7.74251e-02 +2.13673e-02 +1.67539e-02 +1.60255e-02
+7.10525e+03 +7.69424e-02 +2.37147e-02 -6.63688e-03 +1.09266e-02
+7.10538e+03 +7.80951e-02 -6.47507e-03 -1.05220e-02 +2.54956e-02
+7.10551e+03 +8.19358e-02 +2.32295e-02 -1.47309e-02 +1.20599e-02
+7.10564e+03 +8.62576e-02 +2.85718e-02 -9.22714e-03 +6.07049e-03
+7.10577e+03 +8.45467e-02 +1.07651e-02 +3.07574e-03 +1.75641e-02
+7.10590e+03 +8.63908e-02 +2.59012e-02 -1.31125e-02 +3.09196e-02
+7.10603e+03 +8.74650e-02 +1.20604e-02 +1.69978e-03 +2.50920e-02
+7.10616e+03 +9.07069e-02 +3.05964e-02 +5.34223e-03 -1.94263e-03
+7.10629e+03 +9.25414e-02 +3.99052e-02 -1.13321e-03 +2.70351e-02
+7.10641e+03 +9.11969e-02 +1.10894e-02 +2.67116e-03 +2.18549e-03
+7.10654e+03 +9.41946e-02 +8.25639e-03 +1.27893e-02 +1.59462e-02
+7.10667e+03 +9.55979e-02 +1.95889e-02 +7.85173e-03 -7.85173e-03
+7.10680e+03 +9.62569e-02 +6.96139e-03 -9.06600e-03 +5.26152e-03
+7.10693e+03 +9.64246e-02 +1.40848e-02 -5.09967e-03 +3.23788e-03
+7.10706e+03 +9.94875e-02 +1.80514e-02 +8.98520e-03 +1.23041e-02
+7.10719e+03 +1.01544e-01 +1.20613e-02 +1.78087e-03 +9.55192e-03
+7.10732e+03 +1.01242e-01 +1.75660e-02 -2.47704e-02 +9.06631e-03
+7.10745e+03 +9.99683e-02 +4.93794e-03 +9.55208e-03 +1.08473e-02
+7.10758e+03 +1.01870e-01 +6.31414e-03 -1.44092e-02 -2.99517e-03
+7.10771e+03 +1.02349e-01 +9.95700e-03 -9.71414e-03 +1.05237e-02
+7.10784e+03 +1.05709e-01 +1.80523e-02 +1.41666e-02 -7.93328e-03
+7.10797e+03 +1.02625e-01 +1.77286e-02 -1.37619e-03 +3.40001e-03
+7.10810e+03 +1.04520e-01 +6.88102e-03 +1.48144e-02 +1.73240e-02
+7.10823e+03 +1.03105e-01 +7.12394e-03 +5.90963e-03 +1.87003e-02
+7.10836e+03 +1.04386e-01 -2.42863e-04 +6.80018e-03 +1.66766e-02
+7.10849e+03 +1.03569e-01 -2.18579e-03 -6.55736e-03 +2.01578e-02
+7.10862e+03 +1.08719e-01 +1.95103e-02 -1.65150e-02 +1.36815e-02
+7.10875e+03 +1.08770e-01 +3.17349e-02 -6.23364e-03 +3.25445e-02
+7.10888e+03 +1.08597e-01 +2.60682e-02 +8.90527e-03 +1.45723e-02
+7.10901e+03 +1.08998e-01 +3.40832e-02 -7.04331e-03 +1.02007e-02
+7.10913e+03 +1.09629e-01 +2.68781e-02 +4.37174e-03 +3.86980e-02
+7.10926e+03 +1.09930e-01 +2.68783e-02 -3.96698e-03 +7.69109e-03
+7.10939e+03 +1.12499e-01 +2.94692e-02 -8.74362e-03 +2.29115e-02
+7.10952e+03 +1.12006e-01 +3.09267e-02 -9.47233e-03 +2.51786e-02
+7.10965e+03 +1.13895e-01 +5.85345e-02 +4.29091e-03 +4.95479e-02
+7.10978e+03 +1.11376e-01 +4.48525e-02 -2.59076e-03 +2.26691e-02
+7.10991e+03 +1.10288e-01 +4.08857e-02 +9.63446e-03 +2.16978e-02
+7.11004e+03 +1.07922e-01 +4.27481e-02 -9.06779e-03 +1.92690e-02
+7.11017e+03 +1.11788e-01 +4.66347e-02 -1.27112e-02 +5.18163e-03
+7.11030e+03 +1.11764e-01 +3.78100e-02 +1.64356e-02 +1.65975e-02
+7.11043e+03 +1.13614e-01 +6.56619e-02 +9.95858e-03 +2.96329e-02
+7.11056e+03 +1.13447e-01 +4.72024e-02 -2.50990e-03 +2.42894e-03
+7.11069e+03 +1.15003e-01 +5.61899e-02 -9.31100e-03 -4.37212e-03
+7.11082e+03 +1.17318e-01 +4.44502e-02 +3.23863e-03 +1.16591e-02
+7.11095e+03 +1.19275e-01 +4.88227e-02 +1.59504e-02 +4.61508e-03
+7.11108e+03 +1.20281e-01 +4.55034e-02 +2.34804e-03 +1.55456e-02
+7.11121e+03 +1.20735e-01 +3.68402e-02 -8.09674e-04 +3.15773e-02
+7.11134e+03 +1.26376e-01 +3.56259e-02 -4.12936e-03 +2.20233e-02
+7.11147e+03 +1.23428e-01 +3.68406e-02 +7.20619e-03 +5.58682e-03
+7.11160e+03 +1.26914e-01 +5.60305e-02 +6.80139e-03 +1.08498e-02
+7.11172e+03 +1.28182e-01 +5.23872e-02 -5.58689e-03 +2.72867e-02
+7.11185e+03 +1.28394e-01 +4.21044e-02 -8.90670e-04 +1.43317e-02
+7.11198e+03 +1.36293e-01 +6.49383e-02 +1.27124e-02 +1.11739e-02
+7.11211e+03 +1.30277e-01 +5.22263e-02 -6.15379e-03 +1.87043e-02
+7.11224e+03 +1.36539e-01 +5.50606e-02 +1.68421e-02 +1.74898e-02
+7.11237e+03 +1.35787e-01 +6.68019e-02 +1.36033e-02 +3.22268e-02
+7.11250e+03 +1.36113e-01 +4.49397e-02 -6.47780e-03 +1.55467e-02
+7.11263e+03 +1.36512e-01 +6.59929e-02 +2.51016e-03 +9.87870e-03
+7.11276e+03 +1.38812e-01 +7.09327e-02 -5.66814e-04 +1.64376e-02
+7.11289e+03 +1.38167e-01 +9.24721e-02 -1.37656e-03 +3.95152e-02
+7.11302e+03 +1.41461e-01 +9.66024e-02 +1.17413e-02 +3.00415e-02
+7.11315e+03 +1.39472e-01 +9.90322e-02 -3.72484e-03 +1.95149e-02
+7.11328e+03 +1.41962e-01 +1.31909e-01 +1.37658e-02 +1.56282e-02
+7.11341e+03 +1.41188e-01 +1.16200e-01 +3.40098e-03 +6.07318e-03
+7.11354e+03 +1.44249e-01 +1.18630e-01 +7.28785e-04 +8.74542e-03
+7.11367e+03 +1.43210e-01 +1.57985e-01 -1.03650e-02 +1.11748e-02
+7.11380e+03 +1.40720e-01 +1.24219e-01 +1.40900e-02 +1.24705e-02
+7.11393e+03 +1.44488e-01 +1.38147e-01 +6.64015e-03 +3.03665e-02
+7.11406e+03 +1.41997e-01 +1.50295e-01 -5.42552e-03 +1.23086e-02
+7.11419e+03 +1.42316e-01 +1.40254e-01 +1.36853e-02 +2.08114e-02
+7.11431e+03 +1.39915e-01 +1.47300e-01 +4.45383e-03 +3.41730e-02
+7.11444e+03 +1.40276e-01 +1.33373e-01 +2.99623e-03 +1.66817e-02
+7.11457e+03 +1.36801e-01 +1.16934e-01 +1.53861e-03 +4.08137e-02
+7.11470e+03 +1.35495e-01 +1.12076e-01 +9.79857e-03 +2.73712e-02
+7.11483e+03 +1.33303e-01 +1.12563e-01 +1.70059e-03 +2.86670e-02
+7.11496e+03 +1.34058e-01 +1.00416e-01 -6.07355e-03 +2.70475e-02
+7.11509e+03 +1.34903e-01 +8.65687e-02 +1.07705e-02 +2.32416e-02
+7.11522e+03 +1.33382e-01 +6.65667e-02 -2.18650e-03 +1.33619e-02
+7.11535e+03 +1.38022e-01 +8.35732e-02 -3.40124e-03 +2.67240e-02
+7.11548e+03 +1.38463e-01 +5.66065e-02 -4.37304e-03 +2.76149e-02
+7.11561e+03 +1.42897e-01 +6.85922e-02 +1.36860e-02 +3.24740e-02
+7.11574e+03 +1.43532e-01 +7.56380e-02 +1.60346e-02 +4.56743e-02
+7.11587e+03 +1.44021e-01 +6.54345e-02 -1.29573e-03 +3.36080e-02
+7.11600e+03 +1.42715e-01 +7.32092e-02 -9.15114e-03 +5.11006e-02
+7.11613e+03 +1.37131e-01 +5.81465e-02 +1.20666e-02 +4.70517e-02
+7.11626e+03 +1.38495e-01 +6.16290e-02 +3.48232e-03 +6.47874e-02
+7.11639e+03 +1.35595e-01 +6.61644e-02 -4.21120e-03 +6.40588e-02
+7.11652e+03 +1.34773e-01 +5.93619e-02 -8.26046e-03 +8.03370e-02
+7.11665e+03 +1.36468e-01 +6.22776e-02 -4.21123e-03 +8.81929e-02
+7.11677e+03 +1.35447e-01 +7.14293e-02 +2.56724e-02 +8.87602e-02
+7.11690e+03 +1.36935e-01 +6.73802e-02 -3.80634e-03 +1.12975e-01
+7.11703e+03 +1.37611e-01 +6.74615e-02 -6.47889e-03 +1.29092e-01
+7.11716e+03 +1.40002e-01 +7.13491e-02 +1.81410e-02 +1.57114e-01
+7.11729e+03 +1.41500e-01 +6.09830e-02 +1.75741e-02 +1.65780e-01
+7.11742e+03 +1.40247e-01 +7.44271e-02 +1.92749e-02 +2.16478e-01
+7.11755e+03 +1.44200e-01 +7.65330e-02 +1.86271e-03 +2.30490e-01
+7.11768e+03 +1.43166e-01 +7.85580e-02 -1.05284e-03 +2.78759e-01
+7.11781e+03 +1.45274e-01 +7.25652e-02 +4.53532e-03 +3.33994e-01
+7.11794e+03 +1.46595e-01 +7.92064e-02 +2.02470e-03 +3.91092e-01
+7.11807e+03 +1.46261e-01 +6.20371e-02 +1.94372e-02 +4.56532e-01
+7.11820e+03 +1.50140e-01 +5.20757e-02 +1.53069e-02 +5.06989e-01
+7.11833e+03 +1.49744e-01 +5.24808e-02 +5.99318e-03 +5.58905e-01
+7.11846e+03 +1.52422e-01 +5.50727e-02 -5.66924e-04 +6.03451e-01
+7.11859e+03 +1.52857e-01 +5.27241e-02 +1.32013e-02 +6.40141e-01
+7.11872e+03 +1.55847e-01 +5.27243e-02 +1.57930e-02 +6.53587e-01
+7.11885e+03 +1.59298e-01 +5.87177e-02 -6.47919e-04 +6.62093e-01
+7.11898e+03 +1.59720e-01 +5.98517e-02 +1.77368e-02 +6.51728e-01
+7.11911e+03 +1.59457e-01 +7.05426e-02 +1.91947e-02 +6.32130e-01
+7.11924e+03 +1.63917e-01 +8.57690e-02 +1.88708e-02 +5.90098e-01
+7.11936e+03 +1.61141e-01 +1.08609e-01 +1.56312e-02 +5.23363e-01
+7.11949e+03 +1.64595e-01 +1.39062e-01 +3.25584e-02 +4.99229e-01
+7.11962e+03 +1.61527e-01 +1.60849e-01 +3.83898e-02 +4.17429e-01
+7.11975e+03 +1.59307e-01 +1.83689e-01 +5.42643e-02 +3.66729e-01
+7.11988e+03 +1.56374e-01 +2.08229e-01 +4.53553e-02 +3.08497e-01
+7.12001e+03 +1.58514e-01 +2.26210e-01 +4.65703e-02 +2.52209e-01
+7.12014e+03 +1.58661e-01 +2.31880e-01 +6.88432e-02 +1.92437e-01
+7.12027e+03 +1.61644e-01 +2.64601e-01 +7.12731e-02 +1.50321e-01
+7.12040e+03 +1.61883e-01 +2.64440e-01 +7.77527e-02 +1.44652e-01
+7.12053e+03 +1.63922e-01 +2.65574e-01 +9.48422e-02 +1.09178e-01
+7.12066e+03 +1.62456e-01 +2.78696e-01 +1.04805e-01 +1.18087e-01
+7.12079e+03 +1.63181e-01 +2.73675e-01 +1.09097e-01 +9.04690e-02
+7.12092e+03 +1.63761e-01 +2.76672e-01 +9.52478e-02 +1.04238e-01
+7.12105e+03 +1.61780e-01 +2.69059e-01 +1.00674e-01 +8.87685e-02
+7.12118e+03 +1.65077e-01 +2.71328e-01 +8.86877e-02 +9.11175e-02
+7.12131e+03 +1.61683e-01 +2.62014e-01 +9.54913e-02 +8.71489e-02
+7.12144e+03 +1.62002e-01 +2.23299e-01 +8.00216e-02 +8.26944e-02
+7.12157e+03 +1.67487e-01 +2.22814e-01 +7.80779e-02 +8.69872e-02
+7.12170e+03 +1.61016e-01 +1.86610e-01 +7.26515e-02 +9.02271e-02
+7.12183e+03 +1.65300e-01 +1.80212e-01 +4.93253e-02 +9.44389e-02
+7.12195e+03 +1.65779e-01 +1.82399e-01 +5.40230e-02 +9.97847e-02
+7.12208e+03 +1.68567e-01 +1.85234e-01 +6.39044e-02 +7.92123e-02
+7.12221e+03 +1.66060e-01 +1.69602e-01 +3.70954e-02 +8.65019e-02
+7.12234e+03 +1.66962e-01 +1.78755e-01 +4.37370e-02 +8.50441e-02
+7.12247e+03 +1.68140e-01 +1.68306e-01 +4.73008e-02 +9.46015e-02
+7.12260e+03 +1.69511e-01 +1.75758e-01 +7.04653e-02 +8.27764e-02
+7.12273e+03 +1.68087e-01 +1.67983e-01 +6.09890e-02 +9.43587e-02
+7.12286e+03 +1.63780e-01 +1.69036e-01 +5.26466e-02 +1.00919e-01
+7.12299e+03 +1.65389e-01 +1.47653e-01 +6.53628e-02 +9.65458e-02
+7.12312e+03 +1.64842e-01 +1.48950e-01 +7.48392e-02 +1.25056e-01
+7.12325e+03 +1.67127e-01 +1.45548e-01 +9.06333e-02 +1.55915e-01
+7.12338e+03 +1.65859e-01 +1.67984e-01 +8.80415e-02 +2.02730e-01
+7.12351e+03 +1.67602e-01 +1.68632e-01 +1.36558e-01 +2.73196e-01
+7.12364e+03 +1.67325e-01 +1.50975e-01 +1.37773e-01 +3.48441e-01
+7.12377e+03 +1.66785e-01 +1.35667e-01 +1.66931e-01 +4.35673e-01
+7.12390e+03 +1.67972e-01 +1.47816e-01 +1.84183e-01 +5.38051e-01
+7.12403e+03 +1.67503e-01 +1.40041e-01 +1.81591e-01 +6.31196e-01
+7.12416e+03 +1.69710e-01 +1.44333e-01 +1.71629e-01 +7.30010e-01
+7.12429e+03 +1.69398e-01 +1.27810e-01 +1.70495e-01 +8.10924e-01
+7.12442e+03 +1.67064e-01 +1.19792e-01 +1.45144e-01 +8.74344e-01
+7.12455e+03 +1.68055e-01 +1.26353e-01 +1.50246e-01 +9.09091e-01
+7.12467e+03 +1.67671e-01 +1.14689e-01 +1.41499e-01 +8.88518e-01
+7.12480e+03 +1.64674e-01 +1.26758e-01 +1.60371e-01 +8.64787e-01
+7.12493e+03 +1.61311e-01 +1.28863e-01 +1.55511e-01 +8.16513e-01
+7.12506e+03 +1.59245e-01 +1.31779e-01 +1.72844e-01 +7.63947e-01
+7.12519e+03 +1.61151e-01 +1.37044e-01 +1.82158e-01 +7.02148e-01
+7.12532e+03 +1.60958e-01 +1.24085e-01 +1.64096e-01 +6.65700e-01
+7.12545e+03 +1.65939e-01 +1.20440e-01 +1.81672e-01 +6.16698e-01
+7.12558e+03 +1.67394e-01 +1.31536e-01 +1.67336e-01 +5.83084e-01
+7.12571e+03 +1.70679e-01 +1.23923e-01 +1.44171e-01 +5.77900e-01
+7.12584e+03 +1.74772e-01 +1.34452e-01 +1.20683e-01 +5.70125e-01
+7.12597e+03 +1.73944e-01 +1.26919e-01 +1.10558e-01 +5.54816e-01
+7.12610e+03 +1.75468e-01 +1.09829e-01 +1.05456e-01 +5.39832e-01
+7.12623e+03 +1.73055e-01 +1.02540e-01 +1.04241e-01 +5.12860e-01
+7.12636e+03 +1.69823e-01 +9.71939e-02 +8.92564e-02 +4.38749e-01
+7.12649e+03 +1.69551e-01 +8.69885e-02 +1.01973e-01 +3.82944e-01
+7.12662e+03 +1.68475e-01 +6.58488e-02 +1.16066e-01 +3.20901e-01
+7.12675e+03 +1.71082e-01 +7.07894e-02 +1.27243e-01 +2.79027e-01
+7.12688e+03 +1.71477e-01 +6.29328e-02 +1.33803e-01 +2.45819e-01
+7.12701e+03 +1.74446e-01 +9.81654e-02 +1.26918e-01 +2.11153e-01
+7.12714e+03 +1.73852e-01 +8.82840e-02 +1.44575e-01 +1.87097e-01
+7.12726e+03 +1.72807e-01 +1.12582e-01 +1.52188e-01 +1.92686e-01
+7.12739e+03 +1.74565e-01 +1.20438e-01 +1.32507e-01 +1.82075e-01
+7.12752e+03 +1.75057e-01 +1.41416e-01 +1.13635e-01 +1.64985e-01
+7.12765e+03 +1.72067e-01 +1.56319e-01 +9.19283e-02 +1.53403e-01
+7.12778e+03 +1.74933e-01 +1.77377e-01 +6.39852e-02 +1.51783e-01
+7.12791e+03 +1.74016e-01 +1.74056e-01 +5.07831e-02 +1.47814e-01
+7.12804e+03 +1.72938e-01 +1.62878e-01 +5.34558e-02 +1.66523e-01
+7.12817e+03 +1.76691e-01 +1.79644e-01 +5.69385e-02 +1.85475e-01
+7.12830e+03 +1.75003e-01 +1.68223e-01 +7.16792e-02 +2.12203e-01
+7.12843e+03 +1.76811e-01 +1.39146e-01 +9.20084e-02 +2.55453e-01
+7.12856e+03 +1.76467e-01 +1.44654e-01 +8.79586e-02 +2.55695e-01
+7.12869e+03 +1.75961e-01 +1.30318e-01 +1.09017e-01 +2.73351e-01
+7.12882e+03 +1.76876e-01 +1.14362e-01 +1.27240e-01 +2.50349e-01
+7.12895e+03 +1.75318e-01 +1.05857e-01 +1.39469e-01 +2.71164e-01
+7.12908e+03 +1.72587e-01 +1.05614e-01 +1.76483e-01 +2.62821e-01
+7.12921e+03 +1.74738e-01 +1.22217e-01 +1.61337e-01 +2.38927e-01
+7.12934e+03 +1.70097e-01 +1.18573e-01 +1.49836e-01 +2.50914e-01
+7.12947e+03 +1.70177e-01 +1.09258e-01 +1.64414e-01 +2.47431e-01
+7.12960e+03 +1.68142e-01 +1.21650e-01 +1.54613e-01 +2.70027e-01
+7.12973e+03 +1.66019e-01 +1.23107e-01 +1.41573e-01 +2.65248e-01
+7.12985e+03 +1.64946e-01 +1.09743e-01 +1.12902e-01 +2.84766e-01
+7.12998e+03 +1.63780e-01 +9.86473e-02 +1.24241e-01 +2.75208e-01
+7.13011e+03 +1.66958e-01 +9.28157e-02 +1.06017e-01 +2.55851e-01
+7.13024e+03 +1.70263e-01 +1.13387e-01 +1.13954e-01 +2.23373e-01
+7.13037e+03 +1.68699e-01 +1.10066e-01 +8.46352e-02 +1.97212e-01
+7.13050e+03 +1.70971e-01 +8.92514e-02 +9.11142e-02 +1.70566e-01
+7.13063e+03 +1.70091e-01 +8.88462e-02 +9.45155e-02 +1.19703e-01
+7.13076e+03 +1.71285e-01 +7.33769e-02 +9.58111e-02 +9.37053e-02
+7.13089e+03 +1.72848e-01 +6.79503e-02 +1.10065e-01 +9.26522e-02
+7.13102e+03 +1.71139e-01 +6.21999e-02 +1.31446e-01 +6.25239e-02
+7.13115e+03 +1.74320e-01 +6.98937e-02 +1.37115e-01 +6.14708e-02
+7.13128e+03 +1.74226e-01 +6.82737e-02 +1.70806e-01 +6.94885e-02
+7.13141e+03 +1.73242e-01 +7.61294e-02 +2.01176e-01 +6.85974e-02
+7.13154e+03 +1.72591e-01 +6.94071e-02 +2.51388e-01 +8.34181e-02
+7.13167e+03 +1.74817e-01 +7.35373e-02 +3.05730e-01 +1.05204e-01
+7.13180e+03 +1.75089e-01 +7.88822e-02 +3.45737e-01 +1.33873e-01
+7.13193e+03 +1.75932e-01 +6.77057e-02 +4.11093e-01 +1.64486e-01
+7.13206e+03 +1.77848e-01 +8.46318e-02 +4.68188e-01 +2.10162e-01
+7.13219e+03 +1.78063e-01 +1.04473e-01 +5.31518e-01 +2.42232e-01
+7.13231e+03 +1.75821e-01 +7.32120e-02 +5.74925e-01 +2.39559e-01
+7.13244e+03 +1.77048e-01 +7.71801e-02 +5.77757e-01 +2.47009e-01
+7.13257e+03 +1.78398e-01 +9.55637e-02 +5.79375e-01 +2.12913e-01
+7.13270e+03 +1.77578e-01 +8.85175e-02 +5.58479e-01 +1.88940e-01
+7.13283e+03 +1.75128e-01 +7.83130e-02 +4.96846e-01 +1.53225e-01
+7.13296e+03 +1.76279e-01 +1.05362e-01 +4.46310e-01 +1.37027e-01
+7.13309e+03 +1.74862e-01 +1.04390e-01 +3.67105e-01 +1.18238e-01
+7.13322e+03 +1.76696e-01 +1.00988e-01 +3.14544e-01 +1.00988e-01
+7.13335e+03 +1.75784e-01 +9.73431e-02 +2.90005e-01 +1.05361e-01
+7.13348e+03 +1.76280e-01 +8.34944e-02 +2.67733e-01 +1.06656e-01
+7.13361e+03 +1.75917e-01 +1.07384e-01 +2.55503e-01 +1.09976e-01
+7.13374e+03 +1.74559e-01 +9.22399e-02 +2.76153e-01 +1.08922e-01
+7.13387e+03 +1.74988e-01 +9.60457e-02 +2.56554e-01 +1.43178e-01
+7.13400e+03 +1.72455e-01 +1.04225e-01 +2.90970e-01 +1.56944e-01
+7.13413e+03 +1.71858e-01 +1.37184e-01 +3.08056e-01 +1.75245e-01
+7.13426e+03 +1.68651e-01 +1.80589e-01 +3.21255e-01 +1.75488e-01
+7.13439e+03 +1.68944e-01 +2.32255e-01 +3.16151e-01 +2.16625e-01
+7.13452e+03 +1.69436e-01 +2.93556e-01 +3.17932e-01 +2.26342e-01
+7.13465e+03 +1.68815e-01 +3.86035e-01 +3.23518e-01 +2.56709e-01
+7.13478e+03 +1.67823e-01 +4.37860e-01 +3.44652e-01 +2.53549e-01
+7.13490e+03 +1.67182e-01 +5.11631e-01 +3.18656e-01 +2.80433e-01
+7.13503e+03 +1.68507e-01 +5.71310e-01 +3.21084e-01 +3.10556e-01
+7.13516e+03 +1.70288e-01 +6.03375e-01 +2.90634e-01 +3.39626e-01
+7.13529e+03 +1.72484e-01 +6.71394e-01 +2.75489e-01 +3.72340e-01
+7.13542e+03 +1.72676e-01 +6.86291e-01 +2.32084e-01 +3.91692e-01
+7.13555e+03 +1.71872e-01 +7.11228e-01 +2.13539e-01 +4.04241e-01
+7.13568e+03 +1.74749e-01 +7.07176e-01 +1.80742e-01 +4.51368e-01
+7.13581e+03 +1.77157e-01 +7.27497e-01 +1.38633e-01 +4.52257e-01
+7.13594e+03 +1.76344e-01 +7.09193e-01 +1.27538e-01 +4.75737e-01
+7.13607e+03 +1.74684e-01 +6.93480e-01 +9.02074e-02 +4.50875e-01
+7.13620e+03 +1.74068e-01 +6.56956e-01 +7.44976e-02 +4.59537e-01
+7.13633e+03 +1.74198e-01 +6.31850e-01 +6.68855e-02 +4.35890e-01
+7.13646e+03 +1.73604e-01 +5.71763e-01 +7.17437e-02 +4.27628e-01
+7.13659e+03 +1.73202e-01 +5.04389e-01 +6.78565e-02 +3.97098e-01
+7.13672e+03 +1.73288e-01 +4.48109e-01 +7.23097e-02 +3.70536e-01
+7.13685e+03 +1.68026e-01 +3.82599e-01 +6.21876e-02 +3.42194e-01
+7.13698e+03 +1.69264e-01 +3.28426e-01 +1.02107e-01 +3.00248e-01
+7.13711e+03 +1.67451e-01 +2.66075e-01 +1.21459e-01 +2.91825e-01
+7.13724e+03 +1.67133e-01 +2.27045e-01 +1.29474e-01 +2.84212e-01
+7.13737e+03 +1.65788e-01 +1.80890e-01 +1.26558e-01 +2.70283e-01
+7.13749e+03 +1.68153e-01 +1.89472e-01 +1.64128e-01 +2.68257e-01
+7.13762e+03 +1.61734e-01 +1.47285e-01 +1.37407e-01 +2.63559e-01
+7.13775e+03 +1.58669e-01 +1.50199e-01 +1.46556e-01 +2.66715e-01
+7.13788e+03 +1.60274e-01 +1.38134e-01 +1.32952e-01 +2.53434e-01
+7.13801e+03 +1.61425e-01 +1.30117e-01 +1.04450e-01 +2.61935e-01
+7.13814e+03 +1.59494e-01 +1.17809e-01 +1.08417e-01 +2.22339e-01
+7.13827e+03 +1.62195e-01 +1.22585e-01 +1.14974e-01 +2.16184e-01
+7.13840e+03 +1.60694e-01 +1.14407e-01 +9.32744e-02 +1.89869e-01
+7.13853e+03 +1.62033e-01 +1.00399e-01 +1.03152e-01 +1.51975e-01
+7.13866e+03 +1.61798e-01 +1.03637e-01 +1.16025e-01 +1.48168e-01
+7.13879e+03 +1.61532e-01 +8.75240e-02 +1.33836e-01 +1.64765e-01
+7.13892e+03 +1.60979e-01 +8.23416e-02 +1.22986e-01 +1.66950e-01
+7.13905e+03 +1.63249e-01 +7.27872e-02 +1.58043e-01 +1.71321e-01
+7.13918e+03 +1.61056e-01 +8.31501e-02 +1.48488e-01 +1.85813e-01
+7.13931e+03 +1.60362e-01 +6.26658e-02 +1.60065e-01 +1.98118e-01
+7.13944e+03 +1.57584e-01 +9.87748e-02 +1.34884e-01 +1.98764e-01
+7.13957e+03 +1.61304e-01 +9.71549e-02 +1.28973e-01 +2.07021e-01
+7.13970e+03 +1.57891e-01 +1.01121e-01 +9.60207e-02 +1.98923e-01
+7.13983e+03 +1.60793e-01 +1.13103e-01 +9.31054e-02 +2.16005e-01
+7.13996e+03 +1.54411e-01 +1.14074e-01 +7.82080e-02 +1.85724e-01
+7.14009e+03 +1.52563e-01 +1.19092e-01 +7.95028e-02 +1.72445e-01
+7.14021e+03 +1.53411e-01 +1.22654e-01 +8.40359e-02 +1.62890e-01
+7.14034e+03 +1.52571e-01 +1.28482e-01 +8.02302e-02 +1.26296e-01
+7.14047e+03 +1.49795e-01 +1.31152e-01 +5.60231e-02 +1.14070e-01
+7.14060e+03 +1.49693e-01 +1.32366e-01 +5.29463e-02 +1.16660e-01
+7.14073e+03 +1.48750e-01 +1.38841e-01 +6.92182e-02 +9.35863e-02
+7.14086e+03 +1.47893e-01 +1.41269e-01 +6.97844e-02 +1.04515e-01
+7.14099e+03 +1.48283e-01 +1.58511e-01 +5.67500e-02 +8.34654e-02
+7.14112e+03 +1.48391e-01 +1.63286e-01 +6.51689e-02 +8.20075e-02
+7.14125e+03 +1.44249e-01 +1.79395e-01 +4.11249e-02 +8.01449e-02
+7.14138e+03 +1.43343e-01 +1.94937e-01 +4.76818e-02 +7.42347e-02
+7.14151e+03 +1.42635e-01 +1.90726e-01 +4.08814e-02 +7.07531e-02
+7.14164e+03 +1.43891e-01 +1.77853e-01 +3.92620e-02 +5.86906e-02
+7.14177e+03 +1.41414e-01 +1.96794e-01 +5.76377e-02 +6.54091e-02
+7.14190e+03 +1.42160e-01 +1.73559e-01 +5.78801e-02 +6.54895e-02
+7.14203e+03 +1.41295e-01 +1.66758e-01 +6.89698e-02 +6.79175e-02
+7.14216e+03 +1.40912e-01 +1.72585e-01 +8.15974e-02 +7.88451e-02
+7.14229e+03 +1.40439e-01 +1.39314e-01 +9.37391e-02 +9.25249e-02
+7.14242e+03 +1.41120e-01 +1.20694e-01 +6.89681e-02 +1.08309e-01
+7.14255e+03 +1.40087e-01 +9.87563e-02 +6.47582e-02 +1.14784e-01
+7.14268e+03 +1.38007e-01 +1.02722e-01 +7.67378e-02 +1.47243e-01
+7.14280e+03 +1.38449e-01 +7.99750e-02 +8.06226e-02 +1.40361e-01
+7.14293e+03 +1.34521e-01 +8.41026e-02 +6.51613e-02 +1.41979e-01
+7.14306e+03 +1.32360e-01 +8.34543e-02 +6.92889e-02 +1.52581e-01
+7.14319e+03 +1.33424e-01 +7.82731e-02 +1.12998e-01 +1.55251e-01
+7.14332e+03 +1.29337e-01 +9.47039e-02 +1.17854e-01 +1.38413e-01
+7.14345e+03 +1.29128e-01 +1.15667e-01 +1.54439e-01 +1.35741e-01
+7.14358e+03 +1.28119e-01 +1.41001e-01 +1.92076e-01 +1.15019e-01
+7.14371e+03 +1.26754e-01 +1.89888e-01 +2.22022e-01 +1.08704e-01
+7.14384e+03 +1.28522e-01 +2.01299e-01 +2.39908e-01 +1.00366e-01
+7.14397e+03 +1.28771e-01 +2.40472e-01 +2.58441e-01 +8.84673e-02
+7.14410e+03 +1.27782e-01 +2.73655e-01 +2.49050e-01 +9.46988e-02
+7.14423e+03 +1.29233e-01 +3.07323e-01 +2.43705e-01 +8.51471e-02
+7.14436e+03 +1.27087e-01 +3.48032e-01 +2.25249e-01 +8.67651e-02
+7.14449e+03 +1.26425e-01 +3.98452e-01 +1.92144e-01 +9.17824e-02
+7.14462e+03 +1.17987e-01 +4.40373e-01 +1.43014e-01 +9.65567e-02
+7.14475e+03 +1.24773e-01 +4.59793e-01 +1.62680e-01 +1.26178e-01
+7.14488e+03 +1.26558e-01 +5.28098e-01 +1.45116e-01 +1.63083e-01
+7.14501e+03 +1.23808e-01 +5.17166e-01 +1.11446e-01 +1.80077e-01
+7.14514e+03 +1.23816e-01 +5.47673e-01 +9.45296e-02 +1.83718e-01
+7.14527e+03 +1.23804e-01 +5.40869e-01 +8.88635e-02 +2.01602e-01
+7.14539e+03 +1.19750e-01 +5.13590e-01 +8.31165e-02 +2.14549e-01
+7.14552e+03 +1.21520e-01 +4.76033e-01 +9.29892e-02 +2.30247e-01
+7.14565e+03 +1.19892e-01 +4.42928e-01 +6.57149e-02 +2.09041e-01
+7.14578e+03 +1.17494e-01 +3.56977e-01 +7.76108e-02 +1.79986e-01
+7.14591e+03 +1.17216e-01 +3.15134e-01 +6.55517e-02 +2.05395e-01
+7.14604e+03 +1.15350e-01 +2.71025e-01 +5.77011e-02 +1.70028e-01
+7.14617e+03 +1.15452e-01 +2.20363e-01 +9.29844e-02 +1.44130e-01
+7.14630e+03 +1.16021e-01 +1.81030e-01 +8.67522e-02 +1.59262e-01
+7.14643e+03 +1.12792e-01 +1.52462e-01 +1.04312e-01 +1.12971e-01
+7.14656e+03 +1.15177e-01 +1.39675e-01 +1.17259e-01 +1.31663e-01
+7.14669e+03 +1.15037e-01 +1.06980e-01 +1.31095e-01 +1.13130e-01
+7.14682e+03 +1.14436e-01 +8.53729e-02 +1.51648e-01 +9.92106e-02
+7.14695e+03 +1.05864e-01 +7.25864e-02 +1.47196e-01 +1.09729e-01
+7.14708e+03 +1.14036e-01 +9.97749e-02 +1.84418e-01 +1.36432e-01
+7.14721e+03 +1.17130e-01 +6.99145e-02 +2.09663e-01 +1.42014e-01
+7.14734e+03 +1.13321e-01 +9.49985e-02 +2.14273e-01 +1.41203e-01
+7.14747e+03 +1.08232e-01 +5.63997e-02 +2.41378e-01 +1.47189e-01
+7.14760e+03 +1.11865e-01 +7.20161e-02 +2.76574e-01 +1.37235e-01
+7.14773e+03 +1.08611e-01 +6.46519e-02 +2.72687e-01 +1.29466e-01
+7.14785e+03 +1.06790e-01 +7.00725e-02 +2.93398e-01 +1.23719e-01
+7.14798e+03 +1.07624e-01 +8.17234e-02 +2.85465e-01 +1.27925e-01
+7.14811e+03 +1.05083e-01 +8.75482e-02 +2.83035e-01 +1.17972e-01
+7.14824e+03 +1.06494e-01 +9.56385e-02 +2.70895e-01 +1.03406e-01
+7.14837e+03 +1.02570e-01 +9.73365e-02 +2.79792e-01 +1.05832e-01
+7.14850e+03 +1.04393e-01 +1.12951e-01 +2.56648e-01 +1.01300e-01
+7.14863e+03 +1.03409e-01 +1.24601e-01 +2.42810e-01 +1.11736e-01
+7.14876e+03 +9.98648e-02 +1.29697e-01 +2.13518e-01 +8.94041e-02
+7.14889e+03 +1.02519e-01 +1.54210e-01 +2.08823e-01 +9.52284e-02
+7.14902e+03 +1.00967e-01 +1.36409e-01 +1.91506e-01 +6.69908e-02
+7.14915e+03 +9.98933e-02 +1.40857e-01 +2.02184e-01 +7.08735e-02
+7.14928e+03 +1.01397e-01 +1.61891e-01 +1.81793e-01 +3.20383e-02
+7.14941e+03 +9.74843e-02 +1.47488e-01 +1.80092e-01 +4.23128e-02
+7.14954e+03 +9.84814e-02 +1.23377e-01 +1.94167e-01 +2.94487e-02
+7.14967e+03 +1.00286e-01 +1.20544e-01 +2.09294e-01 +2.32998e-02
+7.14980e+03 +9.85790e-02 +8.47843e-02 +2.21264e-01 +3.06615e-02
+7.14993e+03 +9.62205e-02 +7.67742e-02 +2.24012e-01 +3.37353e-02
+7.15006e+03 +9.37262e-02 +7.75822e-02 +1.99093e-01 +2.67776e-02
+7.15019e+03 +9.37199e-02 +7.13521e-02 +2.08232e-01 +2.83143e-02
+7.15032e+03 +9.28178e-02 +8.71262e-02 +1.96014e-01 +5.20977e-02
+7.15044e+03 +8.99058e-02 +7.86310e-02 +1.71338e-01 +4.74860e-02
+7.15057e+03 +9.21509e-02 +1.01442e-01 +1.77807e-01 +4.81326e-02
+7.15070e+03 +8.99333e-02 +1.18105e-01 +1.41888e-01 +4.94263e-02
+7.15083e+03 +8.89921e-02 +1.41158e-01 +2.00049e-01 +4.41676e-02
+7.15096e+03 +9.04829e-02 +1.56607e-01 +1.71329e-01 +4.48951e-02
+7.15109e+03 +8.79093e-02 +1.82409e-01 +1.98749e-01 +5.68664e-02
+7.15122e+03 +8.97595e-02 +2.16785e-01 +2.28353e-01 +4.48940e-02
+7.15135e+03 +8.87354e-02 +2.53344e-01 +2.52535e-01 +6.72996e-02
+7.15148e+03 +8.90492e-02 +2.61672e-01 +2.89660e-01 +6.67326e-02
+7.15161e+03 +8.88841e-02 +2.86744e-01 +3.13679e-01 +7.70852e-02
+7.15174e+03 +8.72726e-02 +3.04050e-01 +3.19499e-01 +8.07241e-02
+7.15187e+03 +8.50110e-02 +3.16826e-01 +3.18443e-01 +8.07230e-02
+7.15200e+03 +8.58989e-02 +3.34535e-01 +2.94821e-01 +8.11264e-02
+7.15213e+03 +8.59573e-02 +3.37685e-01 +2.50736e-01 +8.25003e-02
+7.15226e+03 +8.18406e-02 +3.66475e-01 +2.14498e-01 +8.81609e-02
+7.15239e+03 +8.12825e-02 +3.51911e-01 +1.88613e-01 +8.56525e-02
+7.15252e+03 +7.84359e-02 +3.66546e-01 +1.64185e-01 +5.52407e-02
+7.15265e+03 +7.99604e-02 +3.55460e-01 +1.62646e-01 +5.12769e-02
+7.15278e+03 +7.90359e-02 +3.35155e-01 +1.72026e-01 +4.93351e-02
+7.15291e+03 +8.21585e-02 +3.35474e-01 +1.86662e-01 +5.64516e-02
+7.15303e+03 +8.01797e-02 +2.91150e-01 +2.37773e-01 +4.25403e-02
+7.15316e+03 +7.82241e-02 +2.66156e-01 +2.65186e-01 +4.54512e-02
+7.15329e+03 +7.87176e-02 +2.38656e-01 +2.95105e-01 +4.05982e-02
+7.15342e+03 +7.55398e-02 +2.27250e-01 +3.31655e-01 +2.70112e-02
+7.15355e+03 +7.49062e-02 +2.14631e-01 +3.27526e-01 +2.83047e-02
+7.15368e+03 +7.56214e-02 +1.98130e-01 +3.39895e-01 +2.32095e-02
+7.15381e+03 +7.38351e-02 +2.08721e-01 +3.62452e-01 +1.95701e-02
+7.15394e+03 +7.37488e-02 +2.08476e-01 +3.17323e-01 +2.63627e-02
+7.15407e+03 +7.50545e-02 +2.25536e-01 +3.07049e-01 +3.08100e-02
+7.15420e+03 +7.30166e-02 +2.30384e-01 +2.90710e-01 +2.50681e-02
+7.15433e+03 +7.11068e-02 +2.05879e-01 +2.66770e-01 +1.83561e-02
+7.15446e+03 +7.13130e-02 +1.86954e-01 +2.41941e-01 +8.73317e-03
+7.15459e+03 +7.10865e-02 +1.59378e-01 +2.12019e-01 +1.53637e-02
+7.15472e+03 +7.09233e-02 +1.45953e-01 +1.80723e-01 +4.67373e-02
+7.15485e+03 +6.78247e-02 +1.45061e-01 +1.60344e-01 +3.61440e-02
+7.15498e+03 +6.68224e-02 +1.27351e-01 +1.30828e-01 +3.62244e-02
+7.15511e+03 +6.83135e-02 +9.56536e-02 +1.35112e-01 +2.42570e-02
+7.15524e+03 +6.68101e-02 +8.65155e-02 +1.33250e-01 +3.20188e-02
+7.15537e+03 +6.67863e-02 +7.66500e-02 +1.42304e-01 +9.62168e-03
+7.15550e+03 +6.72697e-02 +7.34956e-02 +1.53055e-01 +3.12902e-02
+7.15562e+03 +6.71548e-02 +9.24947e-02 +1.92590e-01 +2.38514e-02
+7.15575e+03 +6.73325e-02 +7.16338e-02 +2.00187e-01 +9.70210e-03
+7.15588e+03 +6.54141e-02 +6.12840e-02 +2.29290e-01 +3.68674e-02
+7.15601e+03 +6.83498e-02 +5.36833e-02 +2.37613e-01 +3.75945e-02
+7.15614e+03 +6.48894e-02 +7.22774e-02 +2.01067e-01 +3.08028e-02
+7.15627e+03 +6.53585e-02 +7.22763e-02 +2.03408e-01 +1.48757e-02
+7.15640e+03 +6.23780e-02 +6.55651e-02 +1.64923e-01 +2.59512e-02
+7.15653e+03 +6.78536e-02 +7.84990e-02 +1.56270e-01 +2.06959e-02
+7.15666e+03 +6.45888e-02 +7.84170e-02 +1.16494e-01 +3.20944e-02
+7.15679e+03 +6.22426e-02 +7.30803e-02 +1.03396e-01 +2.60308e-02
+7.15692e+03 +6.14400e-02 +9.69269e-02 +9.71694e-02 +2.06950e-02
+7.15705e+03 +6.20974e-02 +9.35301e-02 +8.18894e-02 +2.38474e-02
+7.15718e+03 +6.06233e-02 +6.75799e-02 +9.51454e-02 +6.14363e-03
+7.15731e+03 +5.89724e-02 +7.76025e-02 +9.22338e-02 +1.98048e-02
+7.15744e+03 +6.06832e-02 +1.03873e-01 +1.16644e-01 +3.62948e-02
+7.15757e+03 +5.70189e-02 +1.04275e-01 +9.01293e-02 +1.62475e-02
+7.15770e+03 +5.73940e-02 +9.60286e-02 +8.09130e-02 +2.61896e-02
+7.15783e+03 +5.71526e-02 +8.32558e-02 +9.39255e-02 +4.29212e-02
+7.15796e+03 +5.53600e-02 +6.46637e-02 +7.19383e-02 +2.62696e-02
+7.15809e+03 +5.65141e-02 +7.94542e-02 +8.92344e-02 +5.10026e-02
+7.15822e+03 +5.49669e-02 +5.78721e-02 +8.77781e-02 +3.93627e-02
+7.15834e+03 +5.37003e-02 +5.49615e-02 +1.22370e-01 +4.98694e-02
+7.15847e+03 +5.18557e-02 +5.09193e-02 +1.22206e-01 +5.45564e-02
+7.15860e+03 +5.51387e-02 +5.77885e-02 +1.49523e-01 +6.45776e-02
+7.15873e+03 +5.26468e-02 +5.27766e-02 +1.71261e-01 +3.84711e-02
+7.15886e+03 +5.36664e-02 +4.95429e-02 +1.75138e-01 +5.02703e-02
+7.15899e+03 +5.52117e-02 +4.77641e-02 +1.66083e-01 +4.90572e-02
+7.15912e+03 +5.11707e-02 +2.41645e-02 +1.42805e-01 +3.05491e-02
+7.15925e+03 +5.25526e-02 +3.60441e-02 +1.52177e-01 +2.58612e-02
+7.15938e+03 +5.26188e-02 +1.68095e-02 +1.28253e-01 +1.92340e-02
+7.15951e+03 +5.03076e-02 +2.39209e-02 +1.06028e-01 +3.34569e-02
+7.15964e+03 +5.15123e-02 +3.76585e-02 +1.01743e-01 +2.56175e-02
+7.15977e+03 +4.85585e-02 +2.70717e-02 +8.80840e-02 +7.27299e-03
+7.15990e+03 +4.77377e-02 +4.87282e-02 +8.42844e-02 +1.35760e-02
+7.16003e+03 +4.81014e-02 +4.92930e-02 +1.00687e-01 +8.56567e-03
+7.16016e+03 +4.72543e-02 +5.01811e-02 +1.23230e-01 +2.14138e-02
+7.16029e+03 +4.72974e-02 +5.92304e-02 +1.02300e-01 +2.23023e-02
+7.16042e+03 +4.40427e-02 +7.41782e-02 +1.09974e-01 +3.07056e-02
+7.16055e+03 +4.35849e-02 +7.10256e-02 +1.06256e-01 +3.21595e-02
+7.16068e+03 +4.38607e-02 +9.73656e-02 +8.17709e-02 +4.18551e-02
+7.16081e+03 +4.41716e-02 +9.51823e-02 +8.41127e-02 +4.08040e-02
+7.16093e+03 +4.33025e-02 +9.76854e-02 +7.52234e-02 +4.82367e-02
+7.16106e+03 +4.32631e-02 +9.41286e-02 +4.96094e-02 +4.38728e-02
+7.16119e+03 +4.45865e-02 +8.05533e-02 +6.66564e-02 +4.72655e-02
+7.16132e+03 +4.35763e-02 +7.90976e-02 +6.56049e-02 +3.74077e-02
+7.16145e+03 +4.27344e-02 +7.50565e-02 +8.24895e-02 +3.57912e-02
+7.16158e+03 +4.12539e-02 +8.40230e-02 +8.11146e-02 +3.44171e-02
+7.16171e+03 +4.04810e-02 +8.92729e-02 +8.32944e-02 +2.85996e-02
+7.16184e+03 +4.06307e-02 +9.54112e-02 +9.15334e-02 +1.32493e-02
+7.16197e+03 +4.03924e-02 +1.11244e-01 +7.27084e-02 +1.89042e-02
+7.16210e+03 +3.93521e-02 +1.10919e-01 +8.56327e-02 +1.24410e-02
+7.16223e+03 +3.93310e-02 +1.54136e-01 +6.77779e-02 +7.99763e-03
+7.16236e+03 +3.86934e-02 +1.73683e-01 +6.26874e-02 +1.05825e-02
+7.16249e+03 +3.61005e-02 +1.95329e-01 +7.77115e-02 +9.53218e-03
+7.16262e+03 +3.80503e-02 +2.15763e-01 +9.22505e-02 +1.90640e-02
+7.16275e+03 +3.93964e-02 +2.30460e-01 +8.69982e-02 +1.06627e-02
+7.16288e+03 +3.74820e-02 +2.13897e-01 +7.43147e-02 +6.62370e-03
+7.16301e+03 +3.75375e-02 +2.03392e-01 +1.03715e-01 +7.10823e-03
+7.16314e+03 +3.53538e-02 +1.94261e-01 +1.18495e-01 +1.43777e-02
+7.16327e+03 +3.38516e-02 +1.48136e-01 +9.13535e-02 +7.02719e-03
+7.16340e+03 +3.54144e-02 +1.44984e-01 +8.64248e-02 +8.07708e-05
+7.16352e+03 +3.42354e-02 +1.09200e-01 +8.14962e-02 +2.14846e-02
+7.16365e+03 +3.36487e-02 +8.91677e-02 +6.46142e-02 +2.66534e-02
+7.16378e+03 +3.35618e-02 +8.52892e-02 +3.81217e-02 +2.58452e-03
+7.16391e+03 +3.45969e-02 +8.96489e-02 +3.32751e-02 +2.06758e-02
+7.16404e+03 +3.30979e-02 +6.60643e-02 +1.80102e-02 +3.95740e-03
+7.16417e+03 +3.39223e-02 +6.96973e-02 +2.51169e-02 +1.01760e-02
+7.16430e+03 +3.45007e-02 +7.00191e-02 +3.61806e-02 +1.95440e-02
+7.16443e+03 +3.18472e-02 +6.50107e-02 +2.49544e-02 +2.77002e-02
+7.16456e+03 +3.13542e-02 +3.92479e-02 +2.68921e-02 +2.21274e-02
+7.16469e+03 +3.17335e-02 +3.39173e-02 +2.26923e-02 +4.03778e-04
+7.16482e+03 +3.01315e-02 +3.63393e-02 +5.28938e-02 +2.12383e-02
+7.16495e+03 +3.05144e-02 +2.55985e-02 +4.41716e-02 +2.09956e-02
+7.16508e+03 +2.95522e-02 +2.08337e-02 +6.25819e-02 +2.93933e-02
+7.16521e+03 +2.70116e-02 +1.57461e-02 +3.97286e-02 +2.57590e-02
+7.16534e+03 +3.01603e-02 +2.81809e-02 +4.52995e-02 +2.85847e-02
+7.16547e+03 +2.84152e-02 +1.87331e-02 +6.40317e-02 +1.67952e-02
+7.16560e+03 +3.07595e-02 +3.22978e-02 +3.93226e-02 +3.16519e-02
+7.16573e+03 +2.94062e-02 +2.80178e-02 +4.88495e-02 +6.13646e-03
+7.16586e+03 +2.65573e-02 +3.43151e-02 +3.81099e-02 -5.65189e-04
+7.16598e+03 +2.74546e-02 +3.31033e-02 +1.27569e-02 +2.13153e-02
+7.16611e+03 +2.73129e-02 +1.97001e-02 +3.04383e-02 +2.28489e-02
+7.16624e+03 +2.58662e-02 +2.87422e-02 +9.60764e-03 +1.21105e-02
+7.16637e+03 +2.72409e-02 +3.26169e-02 +8.71937e-03 +1.26754e-02
+7.16650e+03 +2.36310e-02 +2.05063e-02 +1.16256e-02 +7.10453e-03
+7.16663e+03 +2.45892e-02 +2.78524e-02 +1.06566e-02 +2.58341e-03
+7.16676e+03 +2.43668e-02 +3.11618e-02 -5.32818e-03 +1.48543e-02
+7.16689e+03 +2.43035e-02 +2.90622e-02 -1.33202e-02 +1.75988e-02
+7.16702e+03 +2.54004e-02 +1.98588e-02 +5.48942e-03 +8.47631e-03
+7.16715e+03 +2.55756e-02 +1.86475e-02 +4.27843e-03 +5.00496e-03
+7.16728e+03 +2.24686e-02 +3.73749e-02 +1.09784e-02 +5.32775e-03
+7.16741e+03 +2.35376e-02 +2.63153e-02 +5.65052e-04 +3.95537e-03
+7.16754e+03 +2.34970e-02 +3.67277e-02 +4.43961e-03 +3.71313e-03
+7.16767e+03 +2.55715e-02 +3.18838e-02 +5.48885e-03 +3.39017e-03
+7.16780e+03 +2.22603e-02 +1.96949e-02 +2.90580e-03 +3.14795e-03
+7.16793e+03 +2.32927e-02 +1.89680e-02 +8.87866e-03 +2.86539e-02
+7.16806e+03 +2.16726e-02 +3.20432e-02 +4.92352e-03 +1.26720e-02
+7.16819e+03 +2.09256e-02 +1.54967e-02 +2.98633e-03 +1.22682e-02
+7.16832e+03 +2.29684e-02 +2.51008e-02 +1.77562e-02 -3.71266e-03
+7.16845e+03 +2.10090e-02 +3.15570e-02 +7.26375e-04 -2.58267e-03
+7.16857e+03 +1.91553e-02 +2.04995e-02 +7.58642e-03 +2.58261e-03
+7.16870e+03 +2.09878e-02 +3.60751e-02 +2.42922e-02 -1.69480e-03
+7.16883e+03 +1.85500e-02 +2.68742e-02 +1.82389e-02 +1.04914e-03
+7.16896e+03 +1.95721e-02 +2.75192e-02 +6.61752e-03 -6.85963e-03
+7.16909e+03 +1.70387e-02 +2.84870e-02 +5.48758e-03 +7.74718e-03
+7.16922e+03 +1.57513e-02 +3.43774e-02 +1.28310e-02 -2.34024e-03
+7.16935e+03 +1.88858e-02 +2.34019e-03 +1.59779e-02 +1.47674e-02
+7.16948e+03 +1.83084e-02 -3.22778e-04 +1.21849e-02 +2.84852e-02
+7.16961e+03 +1.91127e-02 +4.19603e-03 +2.52569e-02 -3.46979e-03
+7.16974e+03 +1.95495e-02 -2.58211e-03 +7.82704e-03 +1.77520e-03
+7.16987e+03 +1.74516e-02 +1.25875e-02 +2.28351e-02 -3.30826e-03
+7.17000e+03 +2.12250e-02 +2.25118e-02 +1.60568e-02 -2.42063e-04
+7.17013e+03 +1.79287e-02 +3.79223e-03 +2.51740e-02 +1.18608e-02
+7.17026e+03 +1.60767e-02 +1.45231e-03 +3.14668e-03 +1.35549e-02
+7.17039e+03 +1.92446e-02 +1.19410e-02 +2.95297e-02 +1.18603e-02
+7.17052e+03 +1.74742e-02 +1.47645e-02 +9.43962e-03 +1.32316e-02
+7.17065e+03 +1.61451e-02 +2.08958e-02 +2.31548e-02 +7.26108e-03
+7.17078e+03 +1.50626e-02 +2.65427e-02 +9.92326e-03 +3.14640e-03
+7.17091e+03 +1.55041e-02 +1.62964e-02 +2.41219e-02 +7.58346e-03
+7.17104e+03 +1.30533e-02 +2.21852e-02 +1.35531e-02 +2.54121e-02
+7.17116e+03 +1.42264e-02 +1.24234e-02 +6.93775e-03 +3.38820e-03
+7.17129e+03 +1.69162e-02 +7.74429e-03 +7.58295e-03 -6.45358e-03
+7.17142e+03 +1.54022e-02 +2.51684e-02 +9.11547e-03 +6.93744e-03
+7.17155e+03 +1.42819e-02 +1.79885e-02 +1.70205e-02 +8.87327e-03
+7.17168e+03 +1.70224e-02 +1.38743e-02 +1.66168e-02 +3.25077e-02
+7.17181e+03 +1.41678e-02 +1.83104e-02 +1.42773e-02 +8.06624e-05
+7.17194e+03 +1.43445e-02 +9.19531e-03 +3.25869e-02 +2.50048e-03
+7.17207e+03 +1.41642e-02 +8.87247e-04 +1.26634e-02 +3.62964e-03
+7.17220e+03 +1.34007e-02 +2.18580e-02 +1.14533e-02 +3.87153e-03
+7.17233e+03 +1.40705e-02 +5.64586e-03 +3.38751e-03 -6.93634e-03
+7.17246e+03 +1.69531e-02 +1.66146e-02 +1.14528e-02 -1.69372e-03
+7.17259e+03 +1.35006e-02 +1.04847e-02 +1.34688e-02 +8.95230e-03
+7.17272e+03 +1.18925e-02 +2.32271e-02 +6.53261e-03 +6.93586e-03
+7.17285e+03 +1.45128e-02 +2.82267e-02 +9.91966e-03 +1.04842e-02
+7.17298e+03 +1.56159e-02 +2.27421e-02 +8.95168e-03 -1.12904e-03
+7.17311e+03 +1.24113e-02 +4.35477e-03 -1.30643e-02 +3.38704e-03
+7.17324e+03 +1.00418e-02 +9.03191e-03 +2.09669e-03 +1.34672e-02
+7.17337e+03 +1.40127e-02 +3.00788e-02 +7.01569e-03 +2.41114e-02
+7.17350e+03 +1.52813e-02 +1.63696e-02 +1.24183e-02 +1.20957e-02
+7.17363e+03 +1.17633e-02 +2.73357e-02 +8.14427e-03 +5.48327e-03
+7.17376e+03 +1.26334e-02 -1.12082e-02 -1.37885e-02 +1.45948e-02
+7.17388e+03 +1.18470e-02 +4.35416e-03 -1.53202e-03 +1.31431e-02
+7.17401e+03 +1.17773e-02 +1.85450e-02 -9.03063e-03 +2.14477e-02
+7.17414e+03 +1.21194e-02 +1.34650e-02 +5.16024e-03 +1.08849e-02
+7.17427e+03 +1.04868e-02 +1.98342e-02 -6.20826e-03 -6.20826e-03
+7.17440e+03 +1.25013e-02 +7.98186e-03 -8.62686e-03 -4.27312e-03
+7.17453e+03 +1.22820e-02 +6.61108e-03 +4.03115e-03 +2.41869e-03
+7.17466e+03 +1.15688e-02 +1.20931e-02 -6.85278e-03 -5.32098e-03
+7.17479e+03 +1.13092e-02 +6.12705e-03 -7.98128e-03 -1.61238e-04
+7.17492e+03 +1.11606e-02 +7.49739e-03 +7.73924e-03 -7.90047e-03
+7.17505e+03 +1.35355e-02 +1.24147e-02 +8.70643e-03 -7.01352e-03
+7.17518e+03 +1.17168e-02 -6.85212e-03 -5.64292e-04 +1.12858e-03
+7.17531e+03 +1.20434e-02 -2.01528e-03 +1.20917e-03 -5.15912e-03
+7.17544e+03 +9.69071e-03 +1.78146e-02 +1.61218e-03 -8.22214e-03
+7.17557e+03 +1.12600e-02 -3.78854e-03 +1.41063e-02 +1.52348e-02
+7.17570e+03 +1.19594e-02 -2.17634e-03 +3.30482e-03 +1.21714e-02
+7.17583e+03 +1.03854e-02 +9.75300e-03 -6.93188e-03 +8.06033e-04
+7.17596e+03 +9.72124e-03 +1.42664e-02 +9.34975e-03 -1.45082e-03
+7.17609e+03 +1.05376e-02 +2.07946e-02 +5.72255e-03 +1.76513e-02
+7.17622e+03 +1.30282e-02 +1.16866e-02 -4.83584e-04 +1.70866e-02
+7.17635e+03 +9.54043e-03 -8.14013e-03 +5.88346e-03 +5.48048e-03
+7.17647e+03 +1.07149e-02 +4.83560e-03 +3.70729e-03 +1.93424e-03
+7.17660e+03 +7.42528e-03 +1.75689e-02 -3.54602e-03 +1.66824e-02
+7.17673e+03 +9.38525e-03 -9.02600e-03 +4.27123e-03 -1.85355e-03
+7.17686e+03 +8.99757e-03 +6.93051e-03 +1.03152e-02 +5.96346e-03
+7.17699e+03 +9.98483e-03 -2.90107e-03 -4.10985e-03 +2.98165e-03
+7.17712e+03 +8.90037e-03 -1.28933e-03 +1.16846e-02 -9.66999e-04
+7.17725e+03 +8.17066e-03 -2.57860e-03 +2.98150e-03 +4.83487e-03
+7.17738e+03 +1.18200e-02 +2.00642e-02 -4.83475e-03 -3.46490e-03
+7.17751e+03 +7.99620e-03 +4.51232e-03 +3.70655e-03 +2.73962e-03
+7.17764e+03 +1.05595e-02 +3.22300e-04 -6.44600e-04 +2.09495e-03
+7.17777e+03 +1.40657e-02 -5.64011e-04 +1.45031e-02 +1.62757e-02
+7.17790e+03 +1.03490e-02 +1.56308e-02 +6.92910e-03 +7.73481e-03
+7.17803e+03 +9.71781e-03 +4.18958e-03 +4.99527e-03 +1.31327e-02
+7.17816e+03 +8.76029e-03 +9.82915e-03 +2.81984e-03 +1.36158e-02
+7.17829e+03 +7.98181e-03 +1.29709e-02 -6.60631e-03 +1.53073e-03
+7.17842e+03 +9.34406e-03 +2.20742e-02 -1.07148e-02 +1.22455e-02
+7.17855e+03 +7.37943e-03 +4.75307e-03 -1.09562e-02 +4.10859e-03
+7.17868e+03 +9.91625e-03 -7.81417e-03 -3.06122e-03 +1.40977e-02
+7.17881e+03 +8.59697e-03 +1.19223e-02 -8.05563e-05 -2.49725e-03
+7.17894e+03 +7.65753e-03 -2.33607e-03 -1.36942e-03 +5.96101e-03
+7.17906e+03 +8.02921e-03 +3.05293e-02 +6.04141e-03 +3.46374e-03
+7.17919e+03 +5.97372e-03 +6.12180e-03 -6.84675e-03 +1.06326e-02
+7.17932e+03 +9.36351e-03 +2.15868e-02 +8.21589e-03 +2.03786e-02
+7.17945e+03 +7.73052e-03 -5.15493e-03 -1.01488e-02 +6.04093e-03
+7.17958e+03 +7.39521e-03 +1.11150e-02 -1.11150e-02 +1.69142e-03
+7.17971e+03 +6.47728e-03 -1.12758e-03 +3.14112e-03 +2.81895e-03
+7.17984e+03 +8.93992e-03 +8.77879e-03 -1.09534e-02 +6.04045e-03
+7.17997e+03 +9.58800e-03 +2.17451e-02 +1.49799e-02 +1.57853e-02
+7.18010e+03 +1.16434e-02 +2.22277e-02 +1.36104e-02 +1.00669e-02
+7.18023e+03 +6.03259e-03 +3.30185e-03 -3.70452e-03 +1.26437e-02
+7.18036e+03 +8.23597e-03 +6.03981e-03 +1.73141e-02 -3.70442e-03
+7.18049e+03 +4.95493e-03 -2.25480e-03 -1.00661e-02 +9.98555e-03
+7.18062e+03 +6.35680e-03 -7.08633e-03 -6.52264e-03 -1.09516e-02
+7.18075e+03 +9.45105e-03 -1.14344e-02 +1.04682e-03 +2.65730e-03
+7.18088e+03 +6.99970e-03 +1.06289e-02 -1.11121e-02 +1.74733e-02
+7.18101e+03 +7.26335e-03 +1.54598e-02 +4.26756e-03 +1.66676e-02
+7.18114e+03 +6.46987e-03 +9.09851e-03 +6.19987e-03 +6.28038e-03
+7.18127e+03 +5.83201e-03 +7.40743e-03 -1.36876e-02 +3.14011e-03
+7.18140e+03 +7.77840e-03 +7.72928e-03 +8.29288e-03 +1.52975e-02
+7.18152e+03 +5.29777e-03 -9.01725e-03 -3.70351e-03 +7.56805e-03
+7.18165e+03 +8.18740e-03 +2.11739e-02 +3.30087e-03 +8.21191e-03
+7.18178e+03 +5.84743e-03 +1.48132e-02 -8.69473e-03 +4.02534e-03
+7.18191e+03 +6.54466e-03 +6.11834e-03 -4.74977e-03 -6.44036e-03
+7.18204e+03 +5.57000e-03 +1.30414e-02 +8.13073e-03 -8.37224e-03
+7.18217e+03 +6.60628e-03 +2.50355e-02 +9.74051e-03 +9.90151e-03
+7.18230e+03 +5.18733e-03 +1.63411e-02 +9.09626e-03 -1.12697e-02
+7.18243e+03 +6.79607e-03 +8.04956e-03 -3.38082e-03 -3.30032e-03
+7.18256e+03 +6.85759e-03 -2.81727e-03 -9.90068e-03 +1.03032e-02
+7.18269e+03 +7.15615e-03 +2.09277e-03 +4.74898e-03 +4.34652e-03
+7.18282e+03 +5.80919e-03 +4.82933e-03 +1.35221e-02 +5.31227e-03
+7.18295e+03 +5.92256e-03 +1.05437e-02 +6.27796e-03 +1.31998e-02
+7.18308e+03 +7.50937e-03 +1.60969e-04 -8.28989e-03 -5.63390e-03
+7.18321e+03 +7.94541e-03 +2.69615e-02 -9.89930e-03 +1.39234e-02
+7.18334e+03 +7.05030e-03 +6.59934e-03 -1.07038e-02 -8.45038e-03
+7.18347e+03 +6.96578e-03 +1.93146e-03 +2.36604e-02 +9.81826e-03
+7.18360e+03 +5.65683e-03 +6.11612e-03 +3.70186e-03 -7.00135e-03
+7.18373e+03 +7.14126e-03 +4.02365e-04 -8.44966e-03 +8.53013e-03
+7.18386e+03 +7.37710e-03 +1.19097e-02 +1.54504e-02 +1.00588e-02
+7.18399e+03 +5.56251e-03 +1.35992e-02 -7.40309e-03 +4.82810e-04
+7.18411e+03 +7.32492e-03 +9.97779e-03 -6.51775e-03 +6.59822e-03
+7.18424e+03 +5.47283e-03 +2.01159e-03 -1.18282e-02 -4.18412e-03
+7.18437e+03 +6.65541e-03 -6.67830e-03 -3.21846e-03 +2.51040e-02
+7.18450e+03 +7.15081e-03 +8.04591e-05 +4.02296e-03 +6.11490e-03
+7.18463e+03 +7.45584e-03 +2.55853e-02 +1.12640e-02 +4.58604e-03
+7.18476e+03 +2.48989e-03 +8.20636e-03 -1.02982e-02 +6.67772e-03
+7.18489e+03 -3.25286e-03 +1.97108e-02 -2.14003e-02 +7.80386e-03
+7.18502e+03 +5.81550e-03 +1.44810e-02 +4.58564e-03 +7.72318e-03
+7.18515e+03 +5.59526e-03 +1.17453e-02 +1.35152e-02 +3.78103e-03
+7.18528e+03 +5.46799e-03 +1.93068e-03 -4.18315e-03 +5.95294e-03
+7.18541e+03 +6.79728e-03 +2.46155e-02 +3.37860e-03 +1.35948e-02
+7.18554e+03 +4.09339e-03 -1.68925e-02 +5.79171e-03 -3.13718e-03
+7.18567e+03 +7.41081e-03 +1.44789e-03 +1.28701e-02 +8.36556e-03
+7.18580e+03 +5.65048e-03 -3.70004e-03 +1.17436e-02 +4.90658e-03
+7.18593e+03 +5.97468e-03 +1.36737e-03 -3.21733e-04 -1.16628e-02
+7.18606e+03 +7.05643e-03 +3.86069e-03 -9.32999e-03 +6.27362e-03
+7.18619e+03 +6.20802e-03 +1.21447e-02 -5.54957e-03 +8.04286e-03
+7.18632e+03 +4.72258e-03 +1.69699e-02 -9.40987e-03 +1.06163e-02
+7.18645e+03 +5.79543e-03 +8.04238e-03 +8.52492e-03 -3.21695e-04
+7.18658e+03 +6.17136e-03 +1.22241e-02 +6.43371e-03 +5.38824e-03
+7.18670e+03 +5.46818e-03 +3.86011e-03 +3.05592e-03 -4.26221e-03
+7.18683e+03 +7.79451e-03 +2.00237e-02 -7.31791e-03 +1.02933e-02
+7.18696e+03 +5.80787e-03 -2.10685e-02 +3.61864e-03 -6.43314e-03
+7.18709e+03 +4.21586e-03 +2.57318e-03 -2.97524e-03 -2.38019e-02
+7.18722e+03 -1.04072e-03 -6.19152e-03 -1.35088e-02 -1.30263e-02
+7.18735e+03 +6.17239e-03 +1.14982e-02 -4.26157e-03 +5.22645e-03
+7.18748e+03 +7.22935e-03 +1.20607e-02 +1.22215e-02 +4.82427e-04
+7.18761e+03 +6.35525e-03 +2.33166e-03 -9.40704e-03 +8.52262e-03
+7.18774e+03 +5.21200e-03 -9.40676e-03 -3.05519e-03 +2.33159e-03
+7.18787e+03 +7.89367e-03 +1.96169e-02 +8.03972e-05 +3.21589e-04
+7.18800e+03 +5.90709e-03 +9.64737e-04 +4.74329e-03 +1.50338e-02
+7.18813e+03 +6.31968e-03 +6.99413e-03 +9.64708e-04 +2.36353e-02
+7.18826e+03 +7.52592e-03 +3.21559e-04 -1.29428e-02 -2.73325e-03
+7.18839e+03 +7.78512e-03 -1.60775e-03 +4.66247e-03 +1.60775e-04
+7.18852e+03 +6.51203e-03 -1.30224e-02 -1.39870e-02 -9.64619e-04
+7.18865e+03 +4.66182e-03 +9.64589e-03 -4.82295e-04 -1.36650e-03
+7.18878e+03 +5.37679e-03 -4.09938e-03 +1.47095e-02 +6.02850e-03
+7.18891e+03 +7.47760e-03 +2.28272e-02 +5.30491e-03 +4.17963e-03
+7.18904e+03 +6.06693e-03 +4.01875e-03 +7.31412e-03 -2.89350e-03
+7.18917e+03 +5.77945e-03 +1.10914e-02 -2.57192e-03 +5.46533e-03
+7.18930e+03 +5.84013e-03 +1.64758e-02 +2.41110e-04 +7.15293e-03
+7.18942e+03 +5.96041e-03 +4.31630e-19 +6.26866e-03 -1.28588e-03
+7.18955e+03 +7.07167e-03 +1.60730e-04 -1.24566e-02 +1.67159e-02
+7.18968e+03 +5.31718e-03 -1.18133e-02 +2.57160e-03 -5.70573e-03
+7.18981e+03 +7.28646e-03 -5.78592e-03 +1.68756e-03 +5.54484e-03
+7.18994e+03 +5.03502e-03 +1.12500e-03 +5.54466e-03 +1.04465e-02
+7.19007e+03 +4.75308e-03 +1.75977e-02 +5.62484e-03 -1.59906e-02
+7.19020e+03 +3.99923e-03 +5.62466e-03 -4.58008e-03 +4.58008e-03
+7.19033e+03 +6.39620e-03 +1.33381e-02 +7.55288e-03 +7.47253e-03
+7.19046e+03 +5.17097e-03 +5.30292e-03 +1.52660e-03 +1.39001e-02
+7.19059e+03 +4.88759e-03 -6.42758e-03 +4.98137e-03 -2.08896e-03
+7.19072e+03 +4.46082e-03 +1.18906e-02 +1.76753e-02 +3.69574e-03
+7.19085e+03 +6.01190e-03 +1.05245e-02 +1.62286e-02 -1.08458e-02
+7.19098e+03 +5.23958e-03 -4.01685e-04 +8.83707e-03 -1.33359e-02
