E average_spectrum spectra
+7.05850e+03 +3.16427e-03 +2.66791e-03 +2.40283e-03 +4.04462e-03
+7.05863e+03 +3.12968e-03 +1.68460e-03 +1.41951e-03 +3.24093e-03
+7.05876e+03 +3.12066e-03 +3.06145e-03 +2.35167e-03 +3.30089e-03
+7.05889e+03 +3.16995e-03 +4.28446e-03 +2.44582e-03 +2.50568e-03
+7.05902e+03 +3.46469e-03 +2.27485e-03 +3.87409e-03 +2.58273e-03
+7.05915e+03 +3.43205e-03 +3.13016e-03 +3.65185e-03 +2.41176e-03
+7.05928e+03 +3.24044e-03 +2.45460e-03 -5.38815e-04 +2.14671e-03
+7.05941e+03 +3.33563e-03 +2.60008e-03 +2.04414e-03 +3.67774e-03
+7.05954e+03 +3.60897e-03 +4.07130e-03 +8.03997e-04 +2.71135e-03
+7.05967e+03 +3.78534e-03 +3.59244e-03 +2.30087e-03 +2.00150e-03
+7.05980e+03 +3.72878e-03 +3.00235e-03 +4.51635e-03 +2.03578e-03
+7.05992e+03 +3.80914e-03 +4.67902e-03 +3.27617e-03 +2.02729e-03
+7.06005e+03 +3.95264e-03 +3.25916e-03 +3.37892e-03 +2.68603e-03
+7.06018e+03 +4.12692e-03 +4.15749e-03 +3.43891e-03 +6.21912e-03
+7.06031e+03 +4.17847e-03 +4.91899e-03 +3.32780e-03 +2.41244e-03
+7.06044e+03 +4.16690e-03 +1.63401e-03 +2.37830e-03 +4.35451e-03
+7.06057e+03 +4.21875e-03 +3.50767e-03 +2.56659e-03 +3.74722e-03
+7.06070e+03 +4.36532e-03 +5.45845e-03 +4.00400e-03 +2.07900e-03
+7.06083e+03 +4.23228e-03 +5.06505e-03 +1.88228e-03 +1.83950e-03
+7.06096e+03 +4.45995e-03 +4.60318e-03 +3.25987e-03 +2.31870e-03
+7.06109e+03 +4.33989e-03 +4.94557e-03 +2.31022e-03 +4.22684e-03
+7.06122e+03 +4.28640e-03 +4.09006e-03 +2.31029e-03 +2.48998e-03
+7.06135e+03 +4.68779e-03 +3.78214e-03 +3.10615e-03 +3.71369e-03
+7.06148e+03 +4.77229e-03 +5.13429e-03 +3.74803e-03 +3.08057e-03
+7.06161e+03 +4.65882e-03 +5.10021e-03 +1.95109e-03 +1.74571e-03
+7.06174e+03 +5.12207e-03 +3.92797e-03 +1.82278e-03 +3.06364e-03
+7.06187e+03 +5.07685e-03 +6.46123e-03 +3.64568e-03 +3.80828e-03
+7.06200e+03 +4.85904e-03 +4.56151e-03 +2.84132e-03 +4.75835e-03
+7.06213e+03 +5.03353e-03 +3.80851e-03 +2.39636e-03 +1.78871e-03
+7.06226e+03 +4.85843e-03 +7.27490e-03 +3.19240e-03 +2.83293e-03
+7.06239e+03 +5.24489e-03 +7.08682e-03 +2.11406e-03 +3.05555e-03
+7.06251e+03 +5.27160e-03 +6.92441e-03 +2.85878e-03 +4.87875e-03
+7.06264e+03 +5.28046e-03 +6.00875e-03 +3.74049e-03 +1.90020e-03
+7.06277e+03 +5.65148e-03 +7.87495e-03 +3.43245e-03 +4.27131e-03
+7.06290e+03 +5.63440e-03 +7.75535e-03 +3.27848e-03 +5.22159e-03
+7.06303e+03 +5.74784e-03 +7.47309e-03 +3.88635e-03 +4.80230e-03
+7.06316e+03 +5.87836e-03 +8.37217e-03 +3.86078e-03 +2.02884e-03
+7.06329e+03 +6.19052e-03 +8.76621e-03 +3.68112e-03 +5.71002e-03
+7.06342e+03 +6.08079e-03 +7.69634e-03 +4.45172e-03 +4.77704e-03
+7.06355e+03 +6.27210e-03 +1.00167e-02 +4.60596e-03 +4.70013e-03
+7.06368e+03 +6.34685e-03 +6.01874e-03 +3.14208e-03 +6.24134e-03
+7.06381e+03 +6.24906e-03 +1.04368e-02 +3.23635e-03 +4.66616e-03
+7.06394e+03 +6.36326e-03 +8.33940e-03 +2.52579e-03 +6.12184e-03
+7.06407e+03 +6.52273e-03 +9.49556e-03 +2.54299e-03 +4.20407e-03
+7.06420e+03 +6.69607e-03 +8.27996e-03 +5.48001e-04 +5.89958e-03
+7.06433e+03 +6.85297e-03 +7.74931e-03 +3.78474e-03 +4.94928e-03
+7.06446e+03 +6.88121e-03 +7.80091e-03 +4.11025e-03 +7.84373e-03
+7.06459e+03 +6.21705e-03 +6.15699e-03 +2.75737e-03 +7.17602e-03
+7.06472e+03 +6.89297e-03 +7.27043e-03 +3.33121e-03 +5.36076e-03
+7.06485e+03 +7.08318e-03 +7.07367e-03 +2.59482e-03 +6.97947e-03
+7.06498e+03 +6.88602e-03 +6.48296e-03 +2.15813e-03 +7.62197e-03
+7.06510e+03 +7.23074e-03 +8.17887e-03 +2.86903e-03 +7.56224e-03
+7.06523e+03 +7.44863e-03 +6.37199e-03 +3.80264e-03 +6.68031e-03
+7.06536e+03 +7.51043e-03 +3.71710e-03 +4.26525e-03 +7.49416e-03
+7.06549e+03 +7.64532e-03 +6.51796e-03 +3.69151e-03 +6.05545e-03
+7.06562e+03 +7.72576e-03 +4.77940e-03 +3.18627e-03 +7.57167e-03
+7.06575e+03 +7.85560e-03 +7.15218e-03 +3.46046e-03 +8.86528e-03
+7.06588e+03 +8.18218e-03 +5.47350e-03 +3.99163e-03 +6.43286e-03
+7.06601e+03 +8.19962e-03 +5.23381e-03 +2.72398e-03 +6.04758e-03
+7.06614e+03 +8.42945e-03 +5.50808e-03 +3.69204e-03 +6.51889e-03
+7.06627e+03 +8.60345e-03 +4.63445e-03 +4.95998e-03 +8.40370e-03
+7.06640e+03 +8.71200e-03 +4.33475e-03 +2.93838e-03 +7.21316e-03
+7.06653e+03 +8.86133e-03 +4.91742e-03 +5.30294e-03 +8.48984e-03
+7.06666e+03 +8.93485e-03 +4.61771e-03 +3.92377e-03 +9.14975e-03
+7.06679e+03 +9.17174e-03 +4.66068e-03 +4.52360e-03 +1.14032e-02
+7.06692e+03 +9.44258e-03 +8.53339e-03 +4.12961e-03 +9.86995e-03
+7.06705e+03 +9.28323e-03 +5.81760e-03 +2.76743e-03 +9.53607e-03
+7.06718e+03 +9.59463e-03 +5.93772e-03 +4.29264e-03 +1.08987e-02
+7.06731e+03 +9.73655e-03 +8.19994e-03 +3.79579e-03 +1.15159e-02
+7.06744e+03 +9.98375e-03 +8.98848e-03 +4.14721e-03 +1.19961e-02
+7.06756e+03 +1.01401e-02 +9.13440e-03 +1.39672e-03 +1.29047e-02
+7.06769e+03 +1.03424e-02 +1.14654e-02 +3.54760e-03 +1.39076e-02
+7.06782e+03 +1.05555e-02 +9.81188e-03 +2.29658e-03 +1.49449e-02
+7.06795e+03 +1.09160e-02 +1.06948e-02 +4.75611e-03 +1.62479e-02
+7.06808e+03 +1.10131e-02 +1.20149e-02 +3.72786e-03 +1.67025e-02
+7.06821e+03 +1.11821e-02 +1.06097e-02 +4.24216e-03 +1.71486e-02
+7.06834e+03 +1.12442e-02 +1.19469e-02 +2.84533e-03 +1.65663e-02
+7.06847e+03 +1.14528e-02 +1.15359e-02 +3.01681e-03 +1.78352e-02
+7.06860e+03 +1.16743e-02 +1.14591e-02 +3.42829e-03 +1.99098e-02
+7.06873e+03 +1.16543e-02 +1.02594e-02 +3.86550e-03 +2.15474e-02
+7.06886e+03 +1.19873e-02 +1.69967e-02 +4.25988e-03 +2.27994e-02
+7.06899e+03 +1.22474e-02 +1.53771e-02 +4.30285e-03 +2.28686e-02
+7.06912e+03 +1.25734e-02 +1.84719e-02 +5.05728e-03 +2.13606e-02
+7.06925e+03 +1.27192e-02 +2.08383e-02 +5.90603e-03 +2.42241e-02
+7.06938e+03 +1.32926e-02 +2.18932e-02 +7.12343e-03 +2.38733e-02
+7.06951e+03 +1.34852e-02 +2.49884e-02 +4.37190e-03 +2.49112e-02
+7.06964e+03 +1.37010e-02 +2.94639e-02 +5.70076e-03 +2.31288e-02
+7.06977e+03 +1.38976e-02 +2.80416e-02 +8.12701e-03 +2.22979e-02
+7.06990e+03 +1.38511e-02 +3.10601e-02 +7.36423e-03 +2.26071e-02
+7.07003e+03 +1.40250e-02 +3.12667e-02 +5.27255e-03 +2.23162e-02
+7.07015e+03 +1.46595e-02 +3.18933e-02 +8.11051e-03 +2.13565e-02
+7.07028e+03 +1.47697e-02 +3.09339e-02 +8.03356e-03 +1.86478e-02
+7.07041e+03 +1.47573e-02 +2.92114e-02 +1.05888e-02 +2.10233e-02
+7.07054e+03 +1.52163e-02 +2.73687e-02 +8.67705e-03 +2.11867e-02
+7.07067e+03 +1.53471e-02 +2.57231e-02 +1.11553e-02 +1.89580e-02
+7.07080e+03 +1.56153e-02 +2.41975e-02 +1.08126e-02 +2.35802e-02
+7.07093e+03 +1.57737e-02 +2.11541e-02 +1.28880e-02 +2.23975e-02
+7.07106e+03 +1.61951e-02 +1.99627e-02 +9.93848e-03 +2.22265e-02
+7.07119e+03 +1.66075e-02 +2.09665e-02 +1.19454e-02 +2.13010e-02
+7.07132e+03 +1.68270e-02 +1.92606e-02 +1.01191e-02 +2.15674e-02
+7.07145e+03 +1.71607e-02 +1.68942e-02 +1.14743e-02 +2.07961e-02
+7.07158e+03 +1.76076e-02 +1.82496e-02 +1.09515e-02 +1.84383e-02
+7.07171e+03 +1.85018e-02 +1.99481e-02 +1.16721e-02 +1.70237e-02
+7.07184e+03 +1.86639e-02 +2.13981e-02 +1.29675e-02 +1.68783e-02
+7.07197e+03 +1.88331e-02 +2.21105e-02 +1.05578e-02 +1.56523e-02
+7.07210e+03 +1.94610e-02 +2.22826e-02 +9.34015e-03 +1.47435e-02
+7.07223e+03 +1.98489e-02 +2.45132e-02 +9.76066e-03 +1.36975e-02
+7.07236e+03 +2.01498e-02 +2.51313e-02 +8.62871e-03 +1.42983e-02
+7.07249e+03 +2.08259e-02 +2.61441e-02 +1.15710e-02 +1.83215e-02
+7.07262e+03 +2.11518e-02 +2.30482e-02 +1.13140e-02 +1.63491e-02
+7.07274e+03 +2.18567e-02 +2.31603e-02 +9.32417e-03 +2.01152e-02
+7.07287e+03 +2.26289e-02 +2.26462e-02 +1.19665e-02 +2.16340e-02
+7.07300e+03 +2.34457e-02 +2.09311e-02 +1.29190e-02 +2.53918e-02
+7.07313e+03 +2.40388e-02 +1.96449e-02 +1.34426e-02 +2.95531e-02
+7.07326e+03 +2.51916e-02 +1.99542e-02 +1.46010e-02 +3.15870e-02
+7.07339e+03 +2.60474e-02 +1.77670e-02 +1.56480e-02 +3.42215e-02
+7.07352e+03 +2.69748e-02 +1.63777e-02 +1.57685e-02 +3.51403e-02
+7.07365e+03 +2.82701e-02 +1.44220e-02 +1.75878e-02 +3.52098e-02
+7.07378e+03 +2.87861e-02 +1.49114e-02 +1.79914e-02 +3.34090e-02
+7.07391e+03 +2.98066e-02 +1.43712e-02 +1.77002e-02 +3.29208e-02
+7.07404e+03 +3.06855e-02 +1.41828e-02 +2.10640e-02 +3.09310e-02
+7.07417e+03 +3.14988e-02 +1.10342e-02 +2.28835e-02 +3.18498e-02
+7.07430e+03 +3.21688e-02 +1.09658e-02 +2.23864e-02 +2.97312e-02
+7.07443e+03 +3.34485e-02 +1.01423e-02 +2.55017e-02 +3.40051e-02
+7.07456e+03 +3.41755e-02 +1.11809e-02 +2.58799e-02 +3.59109e-02
+7.07469e+03 +3.55104e-02 +1.17990e-02 +2.68158e-02 +4.10433e-02
+7.07482e+03 +3.67126e-02 +1.44337e-02 +2.71941e-02 +4.44253e-02
+7.07495e+03 +3.79307e-02 +1.60731e-02 +2.84219e-02 +4.96010e-02
+7.07508e+03 +3.87810e-02 +1.69059e-02 +2.84998e-02 +5.20651e-02
+7.07521e+03 +3.98585e-02 +1.89832e-02 +2.72904e-02 +5.64517e-02
+7.07534e+03 +4.09806e-02 +2.11034e-02 +2.60295e-02 +5.63844e-02
+7.07546e+03 +4.18386e-02 +2.33095e-02 +2.44596e-02 +6.22217e-02
+7.07559e+03 +4.27845e-02 +2.81163e-02 +2.26407e-02 +6.18284e-02
+7.07572e+03 +4.42131e-02 +3.23397e-02 +2.13195e-02 +6.41129e-02
+7.07585e+03 +4.54428e-02 +3.50097e-02 +1.98523e-02 +6.57194e-02
+7.07598e+03 +4.68042e-02 +4.08127e-02 +1.80675e-02 +6.67080e-02
+7.07611e+03 +4.83553e-02 +4.36376e-02 +1.98876e-02 +7.11815e-02
+7.07624e+03 +5.03350e-02 +4.66600e-02 +1.78451e-02 +7.40586e-02
+7.07637e+03 +5.22260e-02 +5.24981e-02 +2.07984e-02 +7.75969e-02
+7.07650e+03 +5.41727e-02 +5.79930e-02 +2.07302e-02 +7.91781e-02
+7.07663e+03 +5.60569e-02 +6.07842e-02 +2.17178e-02 +7.49308e-02
+7.07676e+03 +5.77166e-02 +5.85279e-02 +2.50576e-02 +7.42029e-02
+7.07689e+03 +5.97264e-02 +5.46233e-02 +2.79254e-02 +7.26251e-02
+7.07702e+03 +6.14761e-02 +5.16628e-02 +2.97031e-02 +7.49618e-02
+7.07715e+03 +6.31770e-02 +4.90285e-02 +3.15066e-02 +7.70496e-02
+7.07728e+03 +6.50640e-02 +4.90811e-02 +3.42117e-02 +7.75322e-02
+7.07741e+03 +6.68203e-02 +4.84555e-02 +3.79213e-02 +7.37307e-02
+7.07754e+03 +6.84424e-02 +5.10323e-02 +4.10473e-02 +6.92936e-02
+7.07767e+03 +7.06220e-02 +5.17289e-02 +4.63370e-02 +6.43756e-02
+7.07780e+03 +7.24859e-02 +5.29235e-02 +4.75830e-02 +6.53816e-02
+7.07793e+03 +7.42071e-02 +5.56207e-02 +4.93185e-02 +6.39235e-02
+7.07805e+03 +7.58856e-02 +6.01813e-02 +4.97060e-02 +6.07480e-02
+7.07818e+03 +7.76015e-02 +6.87004e-02 +5.20598e-02 +5.61642e-02
+7.07831e+03 +7.90598e-02 +7.91863e-02 +5.59679e-02 +5.61225e-02
+7.07844e+03 +8.03940e-02 +9.32705e-02 +5.67764e-02 +5.99878e-02
+7.07857e+03 +8.16641e-02 +9.92921e-02 +5.42530e-02 +6.83530e-02
+7.07870e+03 +8.32488e-02 +1.06216e-01 +5.81099e-02 +8.48334e-02
+7.07883e+03 +8.53753e-02 +1.05909e-01 +6.12027e-02 +1.02062e-01
+7.07896e+03 +8.81823e-02 +1.08307e-01 +6.83489e-02 +1.20785e-01
+7.07909e+03 +9.06863e-02 +1.13059e-01 +7.65604e-02 +1.32536e-01
+7.07922e+03 +9.30502e-02 +1.22645e-01 +7.84171e-02 +1.44588e-01
+7.07935e+03 +9.56548e-02 +1.31494e-01 +8.19400e-02 +1.57748e-01
+7.07948e+03 +9.84184e-02 +1.32948e-01 +9.57090e-02 +1.69483e-01
+7.07961e+03 +1.00739e-01 +1.30289e-01 +1.09221e-01 +1.64995e-01
+7.07974e+03 +1.03630e-01 +1.25224e-01 +1.24812e-01 +1.59313e-01
+7.07987e+03 +1.05998e-01 +1.24162e-01 +1.38050e-01 +1.48709e-01
+7.08000e+03 +1.08448e-01 +1.32204e-01 +1.44220e-01 +1.35768e-01
+7.08013e+03 +1.10277e-01 +1.40667e-01 +1.55484e-01 +1.18773e-01
+7.08026e+03 +1.12572e-01 +1.46614e-01 +1.65253e-01 +1.01665e-01
+7.08039e+03 +1.15214e-01 +1.46214e-01 +1.74216e-01 +8.56993e-02
+7.08052e+03 +1.17602e-01 +1.40762e-01 +1.79073e-01 +8.13890e-02
+7.08064e+03 +1.19408e-01 +1.27665e-01 +1.80297e-01 +8.01452e-02
+7.08077e+03 +1.21090e-01 +1.20547e-01 +1.77466e-01 +8.84623e-02
+7.08090e+03 +1.22326e-01 +1.20249e-01 +1.79462e-01 +9.85235e-02
+7.08103e+03 +1.23682e-01 +1.26737e-01 +1.75738e-01 +1.13473e-01
+7.08116e+03 +1.25217e-01 +1.39411e-01 +1.66318e-01 +1.30503e-01
+7.08129e+03 +1.27714e-01 +1.50428e-01 +1.56914e-01 +1.44139e-01
+7.08142e+03 +1.29887e-01 +1.55809e-01 +1.49477e-01 +1.57897e-01
+7.08155e+03 +1.31861e-01 +1.58312e-01 +1.43948e-01 +1.70254e-01
+7.08168e+03 +1.34680e-01 +1.50549e-01 +1.41562e-01 +1.88506e-01
+7.08181e+03 +1.36258e-01 +1.38257e-01 +1.37613e-01 +2.07438e-01
+7.08194e+03 +1.37714e-01 +1.27744e-01 +1.41568e-01 +2.18061e-01
+7.08207e+03 +1.39557e-01 +1.16422e-01 +1.50842e-01 +2.17765e-01
+7.08220e+03 +1.41293e-01 +1.07188e-01 +1.65787e-01 +2.12984e-01
+7.08233e+03 +1.42466e-01 +9.49803e-02 +1.79899e-01 +2.05547e-01
+7.08246e+03 +1.43357e-01 +8.05811e-02 +1.87619e-01 +2.04821e-01
+7.08259e+03 +1.44539e-01 +7.02371e-02 +2.03347e-01 +2.04026e-01
+7.08272e+03 +1.45868e-01 +6.73599e-02 +2.25607e-01 +2.02793e-01
+7.08285e+03 +1.46730e-01 +6.60207e-02 +2.46209e-01 +1.96258e-01
+7.08298e+03 +1.47601e-01 +7.37732e-02 +2.68144e-01 +1.92025e-01
+7.08310e+03 +1.48118e-01 +7.87760e-02 +2.77138e-01 +1.95380e-01
+7.08323e+03 +1.48215e-01 +8.85400e-02 +2.90971e-01 +2.10397e-01
+7.08336e+03 +1.47127e-01 +9.53222e-02 +3.10923e-01 +2.40291e-01
+7.08349e+03 +1.44762e-01 +1.04752e-01 +3.42168e-01 +2.86918e-01
+7.08362e+03 +1.41040e-01 +1.11758e-01 +3.63016e-01 +3.53537e-01
+7.08375e+03 +1.36259e-01 +1.12800e-01 +3.61184e-01 +4.28305e-01
+7.08388e+03 +1.31516e-01 +1.15776e-01 +3.48084e-01 +4.83232e-01
+7.08401e+03 +1.27346e-01 +1.18743e-01 +3.36910e-01 +5.10547e-01
+7.08414e+03 +1.24301e-01 +1.25054e-01 +3.47703e-01 +5.01524e-01
+7.08427e+03 +1.23035e-01 +1.37287e-01 +3.78746e-01 +4.74821e-01
+7.08440e+03 +1.22088e-01 +1.41235e-01 +4.07238e-01 +4.47214e-01
+7.08453e+03 +1.22176e-01 +1.37946e-01 +4.00516e-01 +4.23147e-01
+7.08466e+03 +1.22658e-01 +1.23036e-01 +3.75425e-01 +4.08689e-01
+7.08479e+03 +1.22362e-01 +1.03079e-01 +3.33399e-01 +3.94867e-01
+7.08492e+03 +1.22548e-01 +8.91815e-02 +2.97870e-01 +3.72611e-01
+7.08505e+03 +1.23219e-01 +7.68050e-02 +2.67017e-01 +3.47165e-01
+7.08518e+03 +1.23458e-01 +6.49266e-02 +2.34924e-01 +3.16200e-01
+7.08531e+03 +1.24797e-01 +5.76898e-02 +1.94139e-01 +2.73053e-01
+7.08544e+03 +1.27079e-01 +4.77534e-02 +1.50653e-01 +2.32766e-01
+7.08557e+03 +1.31060e-01 +4.32152e-02 +1.19338e-01 +2.02769e-01
+7.08569e+03 +1.35387e-01 +3.82041e-02 +1.01614e-01 +1.88467e-01
+7.08582e+03 +1.39763e-01 +3.59782e-02 +9.42484e-02 +1.92426e-01
+7.08595e+03 +1.43812e-01 +3.75350e-02 +8.87136e-02 +2.11695e-01
+7.08608e+03 +1.46692e-01 +4.11723e-02 +8.37288e-02 +2.40483e-01
+7.08621e+03 +1.48649e-01 +4.83520e-02 +8.83214e-02 +2.71215e-01
+7.08634e+03 +1.49703e-01 +5.76039e-02 +9.07046e-02 +2.85836e-01
+7.08647e+03 +1.50599e-01 +6.81802e-02 +1.01737e-01 +2.80717e-01
+7.08660e+03 +1.50967e-01 +8.59103e-02 +1.17396e-01 +2.60998e-01
+7.08673e+03 +1.51271e-01 +1.00374e-01 +1.37182e-01 +2.23937e-01
+7.08686e+03 +1.51764e-01 +1.16540e-01 +1.56471e-01 +1.83357e-01
+7.08699e+03 +1.52342e-01 +1.39354e-01 +1.63894e-01 +1.42200e-01
+7.08712e+03 +1.52644e-01 +1.63243e-01 +1.61395e-01 +1.09846e-01
+7.08725e+03 +1.52377e-01 +1.88535e-01 +1.46702e-01 +8.52905e-02
+7.08738e+03 +1.52290e-01 +2.08522e-01 +1.43042e-01 +7.86451e-02
+7.08751e+03 +1.51551e-01 +2.18724e-01 +1.47516e-01 +8.47690e-02
+7.08764e+03 +1.51051e-01 +2.21996e-01 +1.65508e-01 +9.58205e-02
+7.08777e+03 +1.49924e-01 +2.15413e-01 +1.83527e-01 +9.90125e-02
+7.08790e+03 +1.49933e-01 +2.09466e-01 +2.05080e-01 +9.99086e-02
+7.08803e+03 +1.49251e-01 +2.02710e-01 +2.17373e-01 +9.11560e-02
+7.08816e+03 +1.49177e-01 +1.96101e-01 +2.16216e-01 +8.13453e-02
+7.08828e+03 +1.48583e-01 +1.91211e-01 +1.98211e-01 +7.51634e-02
+7.08841e+03 +1.48246e-01 +2.02790e-01 +1.74582e-01 +8.20190e-02
+7.08854e+03 +1.47295e-01 +2.21052e-01 +1.53815e-01 +9.61334e-02
+7.08867e+03 +1.46710e-01 +2.50340e-01 +1.45613e-01 +1.10893e-01
+7.08880e+03 +1.45934e-01 +2.82132e-01 +1.45246e-01 +1.26892e-01
+7.08893e+03 +1.45062e-01 +3.05419e-01 +1.50331e-01 +1.32038e-01
+7.08906e+03 +1.44583e-01 +3.09527e-01 +1.49577e-01 +1.29683e-01
+7.08919e+03 +1.43385e-01 +2.99056e-01 +1.38656e-01 +1.25041e-01
+7.08932e+03 +1.41824e-01 +2.78556e-01 +1.25628e-01 +1.26514e-01
+7.08945e+03 +1.40969e-01 +2.62734e-01 +1.13502e-01 +1.25501e-01
+7.08958e+03 +1.39763e-01 +2.54456e-01 +1.00611e-01 +1.29477e-01
+7.08971e+03 +1.39660e-01 +2.61092e-01 +9.70342e-02 +1.24086e-01
+7.08984e+03 +1.39569e-01 +2.84691e-01 +9.98056e-02 +1.17241e-01
+7.08997e+03 +1.39143e-01 +3.18518e-01 +1.01510e-01 +1.10087e-01
+7.09010e+03 +1.39129e-01 +3.52501e-01 +1.00635e-01 +1.07379e-01
+7.09023e+03 +1.38691e-01 +3.66434e-01 +1.00869e-01 +1.07871e-01
+7.09036e+03 +1.37666e-01 +3.57975e-01 +9.99930e-02 +1.22789e-01
+7.09049e+03 +1.36879e-01 +3.29232e-01 +9.87817e-02 +1.44925e-01
+7.09062e+03 +1.36208e-01 +2.78938e-01 +1.05450e-01 +1.76826e-01
+7.09075e+03 +1.35207e-01 +2.20943e-01 +1.14055e-01 +1.96176e-01
+7.09088e+03 +1.33953e-01 +1.70431e-01 +1.27701e-01 +2.02012e-01
+7.09100e+03 +1.32716e-01 +1.24477e-01 +1.40246e-01 +1.88646e-01
+7.09113e+03 +1.30899e-01 +9.60540e-02 +1.52009e-01 +1.58539e-01
+7.09126e+03 +1.29235e-01 +7.75241e-02 +1.63634e-01 +1.26606e-01
+7.09139e+03 +1.28385e-01 +7.59853e-02 +1.73385e-01 +1.00763e-01
+7.09152e+03 +1.27376e-01 +8.13982e-02 +1.72854e-01 +9.17138e-02
+7.09165e+03 +1.26704e-01 +9.23520e-02 +1.72220e-01 +8.84287e-02
+7.09178e+03 +1.26446e-01 +9.83073e-02 +1.66553e-01 +9.32397e-02
+7.09191e+03 +1.26647e-01 +1.01303e-01 +1.67321e-01 +9.82572e-02
+7.09204e+03 +1.27207e-01 +1.02225e-01 +1.71678e-01 +1.06966e-01
+7.09217e+03 +1.27663e-01 +9.45691e-02 +1.79811e-01 +1.10539e-01
+7.09230e+03 +1.27024e-01 +8.89176e-02 +1.97866e-01 +1.13070e-01
+7.09243e+03 +1.26498e-01 +8.60450e-02 +2.16481e-01 +1.10938e-01
+7.09256e+03 +1.25367e-01 +8.15634e-02 +2.36507e-01 +1.06078e-01
+7.09269e+03 +1.24114e-01 +8.05923e-02 +2.56715e-01 +9.64853e-02
+7.09282e+03 +1.22950e-01 +8.51455e-02 +2.84736e-01 +8.97319e-02
+7.09295e+03 +1.21959e-01 +9.07487e-02 +3.10883e-01 +8.40970e-02
+7.09308e+03 +1.21650e-01 +1.01137e-01 +3.29328e-01 +8.24461e-02
+7.09321e+03 +1.21096e-01 +1.18770e-01 +3.18689e-01 +8.24904e-02
+7.09334e+03 +1.20610e-01 +1.30682e-01 +2.76570e-01 +7.93507e-02
+7.09347e+03 +1.19639e-01 +1.34290e-01 +2.21937e-01 +8.13828e-02
+7.09359e+03 +1.18842e-01 +1.36701e-01 +1.68594e-01 +8.58246e-02
+7.09372e+03 +1.17299e-01 +1.36678e-01 +1.29913e-01 +9.45350e-02
+7.09385e+03 +1.16288e-01 +1.34838e-01 +1.08332e-01 +1.01843e-01
+7.09398e+03 +1.15191e-01 +1.31484e-01 +1.02507e-01 +1.07034e-01
+7.09411e+03 +1.14452e-01 +1.29696e-01 +1.12070e-01 +1.04299e-01
+7.09424e+03 +1.13532e-01 +1.23010e-01 +1.29129e-01 +1.01753e-01
+7.09437e+03 +1.12997e-01 +1.14664e-01 +1.52894e-01 +9.24334e-02
+7.09450e+03 +1.12281e-01 +1.04579e-01 +1.70161e-01 +8.64101e-02
+7.09463e+03 +1.11850e-01 +9.70665e-02 +1.77479e-01 +8.28482e-02
+7.09476e+03 +1.11759e-01 +8.77553e-02 +1.77766e-01 +8.71012e-02
+7.09489e+03 +1.11715e-01 +8.18608e-02 +1.67345e-01 +9.79386e-02
+7.09502e+03 +1.12378e-01 +8.00803e-02 +1.49798e-01 +1.12305e-01
+7.09515e+03 +1.12323e-01 +7.74563e-02 +1.25639e-01 +1.24107e-01
+7.09528e+03 +1.12647e-01 +7.63298e-02 +1.05956e-01 +1.26588e-01
+7.09541e+03 +1.12671e-01 +7.81213e-02 +9.32101e-02 +1.23121e-01
+7.09554e+03 +1.12418e-01 +8.20732e-02 +8.71173e-02 +1.10091e-01
+7.09567e+03 +1.12235e-01 +8.62491e-02 +8.52334e-02 +1.01011e-01
+7.09580e+03 +1.11991e-01 +9.14236e-02 +8.37885e-02 +9.07178e-02
+7.09593e+03 +1.11496e-01 +9.23460e-02 +8.00280e-02 +9.20361e-02
+7.09606e+03 +1.11886e-01 +9.82954e-02 +7.58284e-02 +9.64963e-02
+7.09618e+03 +1.11812e-01 +1.03488e-01 +7.40303e-02 +1.05562e-01
+7.09631e+03 +1.11792e-01 +1.05013e-01 +7.73283e-02 +1.08051e-01
+7.09644e+03 +1.11833e-01 +1.07235e-01 +8.96652e-02 +1.05315e-01
+7.09657e+03 +1.11832e-01 +1.06109e-01 +1.07478e-01 +9.52018e-02
+7.09670e+03 +1.12210e-01 +1.05861e-01 +1.28277e-01 +8.23331e-02
+7.09683e+03 +1.12025e-01 +1.07205e-01 +1.41020e-01 +7.02475e-02
+7.09696e+03 +1.12313e-01 +1.05958e-01 +1.45619e-01 +6.07012e-02
+7.09709e+03 +1.11990e-01 +1.07793e-01 +1.36978e-01 +6.29145e-02
+7.09722e+03 +1.11878e-01 +1.03490e-01 +1.25908e-01 +6.75987e-02
+7.09735e+03 +1.11191e-01 +1.02915e-01 +1.14055e-01 +8.00658e-02
+7.09748e+03 +1.10446e-01 +9.55637e-02 +1.04130e-01 +9.60802e-02
+7.09761e+03 +1.09678e-01 +9.21900e-02 +9.61848e-02 +1.09271e-01
+7.09774e+03 +1.09021e-01 +8.93845e-02 +9.00647e-02 +1.17133e-01
+7.09787e+03 +1.08066e-01 +8.59332e-02 +8.36258e-02 +1.23291e-01
+7.09800e+03 +1.07015e-01 +8.85172e-02 +7.46727e-02 +1.27029e-01
+7.09813e+03 +1.06170e-01 +9.19968e-02 +6.61413e-02 +1.33824e-01
+7.09826e+03 +1.05188e-01 +9.75170e-02 +5.78248e-02 +1.50004e-01
+7.09839e+03 +1.04843e-01 +1.06877e-01 +5.21687e-02 +1.78143e-01
+7.09852e+03 +1.04440e-01 +1.13388e-01 +4.64952e-02 +2.07274e-01
+7.09865e+03 +1.03975e-01 +1.21526e-01 +4.58673e-02 +2.34537e-01
+7.09877e+03 +1.05173e-01 +1.36562e-01 +4.60831e-02 +2.59390e-01
+7.09890e+03 +1.04978e-01 +1.48627e-01 +5.21800e-02 +2.63690e-01
+7.09903e+03 +1.05674e-01 +1.60597e-01 +6.13338e-02 +2.45189e-01
+7.09916e+03 +1.06639e-01 +1.65861e-01 +7.47157e-02 +2.15295e-01
+7.09929e+03 +1.07097e-01 +1.63546e-01 +8.77793e-02 +1.79881e-01
+7.09942e+03 +1.08200e-01 +1.54197e-01 +9.53494e-02 +1.47179e-01
+7.09955e+03 +1.09221e-01 +1.40490e-01 +9.92342e-02 +1.24241e-01
+7.09968e+03 +1.09860e-01 +1.25594e-01 +1.01018e-01 +1.16466e-01
+7.09981e+03 +1.10774e-01 +1.10018e-01 +9.73765e-02 +1.14255e-01
+7.09994e+03 +1.11786e-01 +9.52335e-02 +9.03164e-02 +1.22885e-01
+7.10007e+03 +1.11926e-01 +7.86402e-02 +8.82507e-02 +1.26847e-01
+7.10020e+03 +1.13011e-01 +6.76786e-02 +9.01291e-02 +1.29260e-01
+7.10033e+03 +1.13449e-01 +6.76364e-02 +1.04090e-01 +1.31406e-01
+7.10046e+03 +1.13942e-01 +7.00657e-02 +1.18361e-01 +1.29530e-01
+7.10059e+03 +1.13732e-01 +7.69044e-02 +1.35129e-01 +1.32589e-01
+7.10072e+03 +1.14749e-01 +8.92807e-02 +1.47283e-01 +1.45224e-01
+7.10085e+03 +1.15261e-01 +1.01244e-01 +1.51832e-01 +1.61787e-01
+7.10098e+03 +1.15908e-01 +1.08057e-01 +1.49103e-01 +1.78212e-01
+7.10111e+03 +1.16915e-01 +1.14966e-01 +1.45901e-01 +1.87989e-01
+7.10123e+03 +1.18199e-01 +1.21891e-01 +1.41571e-01 +1.91127e-01
+7.10136e+03 +1.19146e-01 +1.23934e-01 +1.37395e-01 +1.93437e-01
+7.10149e+03 +1.19877e-01 +1.31575e-01 +1.29895e-01 +1.91294e-01
+7.10162e+03 +1.20685e-01 +1.33764e-01 +1.18450e-01 +1.93097e-01
+7.10175e+03 +1.20821e-01 +1.30820e-01 +1.00391e-01 +1.95648e-01
+7.10188e+03 +1.20973e-01 +1.21614e-01 +8.67490e-02 +2.04125e-01
+7.10201e+03 +1.21463e-01 +1.16293e-01 +7.17720e-02 +2.16117e-01
+7.10214e+03 +1.22012e-01 +1.14864e-01 +6.23070e-02 +2.23079e-01
+7.10227e+03 +1.22442e-01 +1.18905e-01 +6.27900e-02 +2.22091e-01
+7.10240e+03 +1.23224e-01 +1.20103e-01 +7.00603e-02 +2.06417e-01
+7.10253e+03 +1.23691e-01 +1.16056e-01 +8.60561e-02 +1.87117e-01
+7.10266e+03 +1.25066e-01 +1.05024e-01 +1.07987e-01 +1.66705e-01
+7.10279e+03 +1.26637e-01 +9.41116e-02 +1.34526e-01 +1.60935e-01
+7.10292e+03 +1.28688e-01 +9.42159e-02 +1.60532e-01 +1.68689e-01
+7.10305e+03 +1.30469e-01 +1.05148e-01 +1.84282e-01 +1.90734e-01
+7.10318e+03 +1.32377e-01 +1.26106e-01 +2.03674e-01 +2.19161e-01
+7.10331e+03 +1.34232e-01 +1.53586e-01 +2.18716e-01 +2.44411e-01
+7.10344e+03 +1.36031e-01 +1.78878e-01 +2.32733e-01 +2.56034e-01
+7.10357e+03 +1.37606e-01 +1.95652e-01 +2.39385e-01 +2.51187e-01
+7.10370e+03 +1.38772e-01 +2.06731e-01 +2.34409e-01 +2.33392e-01
+7.10382e+03 +1.39326e-01 +2.11988e-01 +2.23350e-01 +2.09628e-01
+7.10395e+03 +1.39653e-01 +2.20691e-01 +2.01498e-01 +1.85906e-01
+7.10408e+03 +1.40066e-01 +2.34476e-01 +1.76174e-01 +1.76294e-01
+7.10421e+03 +1.40613e-01 +2.48899e-01 +1.48178e-01 +1.72230e-01
+7.10434e+03 +1.40996e-01 +2.55845e-01 +1.19889e-01 +1.72680e-01
+7.10447e+03 +1.41478e-01 +2.48465e-01 +9.55283e-02 +1.71837e-01
+7.10460e+03 +1.41902e-01 +2.24759e-01 +7.90319e-02 +1.71210e-01
+7.10473e+03 +1.42387e-01 +1.91379e-01 +7.02714e-02 +1.65698e-01
+7.10486e+03 +1.42493e-01 +1.58437e-01 +6.98585e-02 +1.72549e-01
+7.10499e+03 +1.44615e-01 +1.39477e-01 +8.57970e-02 +1.88238e-01
+7.10512e+03 +1.45971e-01 +1.32871e-01 +1.08886e-01 +2.10984e-01
+7.10525e+03 +1.46924e-01 +1.37007e-01 +1.39221e-01 +2.32153e-01
+7.10538e+03 +1.48552e-01 +1.57022e-01 +1.76303e-01 +2.47163e-01
+7.10551e+03 +1.49494e-01 +1.83360e-01 +2.12730e-01 +2.46339e-01
+7.10564e+03 +1.50653e-01 +2.19633e-01 +2.40861e-01 +2.36347e-01
+7.10577e+03 +1.51027e-01 +2.56596e-01 +2.60990e-01 +2.28914e-01
+7.10590e+03 +1.52347e-01 +2.80248e-01 +2.68531e-01 +2.35817e-01
+7.10603e+03 +1.53649e-01 +2.80724e-01 +2.72548e-01 +2.48252e-01
+7.10616e+03 +1.55071e-01 +2.64064e-01 +2.73662e-01 +2.58041e-01
+7.10629e+03 +1.56364e-01 +2.41028e-01 +2.71502e-01 +2.54279e-01
+7.10641e+03 +1.57058e-01 +2.25650e-01 +2.63776e-01 +2.34999e-01
+7.10654e+03 +1.57814e-01 +2.24153e-01 +2.43220e-01 +2.09575e-01
+7.10667e+03 +1.58828e-01 +2.29945e-01 +2.21553e-01 +1.88295e-01
+7.10680e+03 +1.59721e-01 +2.50876e-01 +1.95948e-01 +1.81300e-01
+7.10693e+03 +1.60935e-01 +2.79957e-01 +1.76348e-01 +1.92865e-01
+7.10706e+03 +1.62515e-01 +3.14442e-01 +1.55687e-01 +2.16734e-01
+7.10719e+03 +1.64518e-01 +3.55528e-01 +1.37155e-01 +2.46169e-01
+7.10732e+03 +1.66180e-01 +3.84594e-01 +1.15615e-01 +2.59423e-01
+7.10745e+03 +1.68329e-01 +3.93636e-01 +9.68666e-02 +2.46940e-01
+7.10758e+03 +1.70951e-01 +3.71357e-01 +8.64413e-02 +2.15862e-01
+7.10771e+03 +1.73284e-01 +3.30491e-01 +8.43224e-02 +1.79528e-01
+7.10784e+03 +1.75810e-01 +2.70702e-01 +8.87262e-02 +1.52567e-01
+7.10797e+03 +1.76973e-01 +2.12266e-01 +9.35954e-02 +1.42737e-01
+7.10810e+03 +1.78469e-01 +1.64427e-01 +9.58365e-02 +1.42755e-01
+7.10823e+03 +1.79774e-01 +1.29159e-01 +9.32867e-02 +1.47711e-01
+7.10836e+03 +1.81533e-01 +1.09875e-01 +8.81948e-02 +1.52348e-01
+7.10849e+03 +1.83298e-01 +1.05137e-01 +8.01730e-02 +1.56193e-01
+7.10862e+03 +1.85915e-01 +1.13892e-01 +8.72655e-02 +1.67534e-01
+7.10875e+03 +1.87867e-01 +1.25001e-01 +1.03725e-01 +1.94679e-01
+7.10888e+03 +1.88885e-01 +1.37032e-01 +1.30689e-01 +2.35242e-01
+7.10901e+03 +1.89819e-01 +1.56327e-01 +1.58843e-01 +3.03166e-01
+7.10913e+03 +1.89656e-01 +1.86713e-01 +1.77449e-01 +3.68876e-01
+7.10926e+03 +1.89834e-01 +2.40444e-01 +1.81432e-01 +4.11707e-01
+7.10939e+03 +1.90777e-01 +3.19124e-01 +1.73100e-01 +4.15269e-01
+7.10952e+03 +1.92576e-01 +4.01545e-01 +1.65483e-01 +3.85774e-01
+7.10965e+03 +1.94954e-01 +4.58838e-01 +1.58358e-01 +3.33201e-01
+7.10978e+03 +1.97537e-01 +4.78765e-01 +1.61504e-01 +2.94182e-01
+7.10991e+03 +2.00380e-01 +4.61998e-01 +1.81413e-01 +2.75372e-01
+7.11004e+03 +2.03219e-01 +4.28711e-01 +2.18281e-01 +2.71401e-01
+7.11017e+03 +2.06105e-01 +3.87227e-01 +2.61027e-01 +2.68473e-01
+7.11030e+03 +2.08545e-01 +3.52336e-01 +2.91519e-01 +2.54186e-01
+7.11043e+03 +2.10596e-01 +3.24451e-01 +2.94227e-01 +2.32522e-01
+7.11056e+03 +2.12713e-01 +3.00572e-01 +2.68754e-01 +2.14943e-01
+7.11069e+03 +2.13973e-01 +2.86423e-01 +2.37593e-01 +2.05551e-01
+7.11082e+03 +2.15029e-01 +2.64415e-01 +2.14593e-01 +2.22453e-01
+7.11095e+03 +2.15031e-01 +2.38562e-01 +2.16818e-01 +2.68415e-01
+7.11108e+03 +2.15158e-01 +2.06650e-01 +2.39675e-01 +3.54841e-01
+7.11121e+03 +2.15038e-01 +1.71747e-01 +2.69229e-01 +4.58591e-01
+7.11134e+03 +2.15484e-01 +1.38515e-01 +3.01076e-01 +5.44175e-01
+7.11147e+03 +2.15477e-01 +1.07240e-01 +3.31070e-01 +5.64182e-01
+7.11160e+03 +2.16224e-01 +8.05487e-02 +3.75328e-01 +5.17413e-01
+7.11172e+03 +2.17425e-01 +6.42170e-02 +4.31308e-01 +4.29412e-01
+7.11185e+03 +2.18535e-01 +5.36165e-02 +4.78041e-01 +3.38669e-01
+7.11198e+03 +2.21324e-01 +4.96350e-02 +4.88800e-01 +2.70661e-01
+7.11211e+03 +2.23705e-01 +4.85580e-02 +4.49295e-01 +2.29422e-01
+7.11224e+03 +2.27392e-01 +5.46776e-02 +3.84105e-01 +2.03697e-01
+7.11237e+03 +2.30032e-01 +6.70029e-02 +3.11933e-01 +1.84581e-01
+7.11250e+03 +2.31944e-01 +8.49909e-02 +2.67263e-01 +1.84462e-01
+7.11263e+03 +2.33434e-01 +1.10934e-01 +2.54595e-01 +1.91823e-01
+7.11276e+03 +2.35304e-01 +1.31422e-01 +2.71438e-01 +2.01254e-01
+7.11289e+03 +2.36836e-01 +1.45808e-01 +2.98469e-01 +2.16079e-01
+7.11302e+03 +2.38601e-01 +1.49059e-01 +3.20785e-01 +2.44257e-01
+7.11315e+03 +2.39681e-01 +1.36062e-01 +3.26691e-01 +2.86630e-01
+7.11328e+03 +2.40783e-01 +1.20005e-01 +3.13558e-01 +3.42492e-01
+7.11341e+03 +2.40934e-01 +1.02491e-01 +2.98053e-01 +3.97028e-01
+7.11354e+03 +2.41000e-01 +9.01664e-02 +2.85574e-01 +4.45902e-01
+7.11367e+03 +2.40721e-01 +8.70208e-02 +2.92256e-01 +4.63910e-01
+7.11380e+03 +2.40758e-01 +8.98829e-02 +3.15159e-01 +4.48897e-01
+7.11393e+03 +2.42180e-01 +1.11380e-01 +3.58853e-01 +4.06708e-01
+7.11406e+03 +2.42957e-01 +1.35446e-01 +4.09761e-01 +3.46641e-01
+7.11419e+03 +2.44341e-01 +1.69089e-01 +4.57670e-01 +2.92417e-01
+7.11431e+03 +2.45855e-01 +2.06783e-01 +4.86859e-01 +2.61440e-01
+7.11444e+03 +2.46478e-01 +2.50546e-01 +4.65657e-01 +2.71457e-01
+7.11457e+03 +2.47022e-01 +2.90542e-01 +4.06899e-01 +3.18246e-01
+7.11470e+03 +2.46886e-01 +3.13119e-01 +3.24238e-01 +4.01091e-01
+7.11483e+03 +2.46816e-01 +3.12767e-01 +2.54515e-01 +5.00694e-01
+7.11496e+03 +2.46455e-01 +2.96132e-01 +2.19054e-01 +5.84938e-01
+7.11509e+03 +2.46020e-01 +2.65232e-01 +2.25710e-01 +6.38185e-01
+7.11522e+03 +2.45620e-01 +2.31693e-01 +2.71603e-01 +6.48687e-01
+7.11535e+03 +2.46221e-01 +2.07489e-01 +3.45451e-01 +6.45380e-01
+7.11548e+03 +2.47454e-01 +1.94328e-01 +4.32057e-01 +6.47245e-01
+7.11561e+03 +2.49005e-01 +1.91768e-01 +5.18905e-01 +6.57919e-01
+7.11574e+03 +2.51534e-01 +1.96226e-01 +5.85807e-01 +6.74024e-01
+7.11587e+03 +2.53235e-01 +1.94054e-01 +6.03007e-01 +6.57459e-01
+7.11600e+03 +2.54330e-01 +1.86392e-01 +5.63521e-01 +5.98044e-01
+7.11613e+03 +2.54391e-01 +1.71506e-01 +4.86580e-01 +5.04639e-01
+7.11626e+03 +2.54103e-01 +1.56447e-01 +3.87278e-01 +4.06371e-01
+7.11639e+03 +2.53347e-01 +1.45733e-01 +2.98586e-01 +3.36532e-01
+7.11652e+03 +2.52388e-01 +1.47535e-01 +2.35815e-01 +3.04035e-01
+7.11665e+03 +2.51663e-01 +1.73750e-01 +1.96990e-01 +3.01804e-01
+7.11677e+03 +2.51004e-01 +2.25817e-01 +1.70121e-01 +3.11149e-01
+7.11690e+03 +2.50265e-01 +3.12909e-01 +1.50830e-01 +3.18211e-01
+7.11703e+03 +2.50147e-01 +4.22820e-01 +1.36676e-01 +3.06005e-01
+7.11716e+03 +2.49431e-01 +5.35240e-01 +1.26358e-01 +2.81257e-01
+7.11729e+03 +2.48505e-01 +6.13403e-01 +1.27953e-01 +2.48009e-01
+7.11742e+03 +2.47468e-01 +6.38810e-01 +1.42496e-01 +2.24046e-01
+7.11755e+03 +2.47587e-01 +6.15658e-01 +1.74858e-01 +2.10426e-01
+7.11768e+03 +2.47390e-01 +5.82048e-01 +2.40667e-01 +2.04358e-01
+7.11781e+03 +2.48055e-01 +5.55577e-01 +3.33753e-01 +2.00203e-01
+7.11794e+03 +2.48959e-01 +5.67889e-01 +4.62571e-01 +1.89144e-01
+7.11807e+03 +2.49479e-01 +6.10011e-01 +5.94873e-01 +1.77955e-01
+7.11820e+03 +2.50194e-01 +6.68159e-01 +7.09400e-01 +1.64792e-01
+7.11833e+03 +2.50609e-01 +7.13221e-01 +7.79005e-01 +1.65370e-01
+7.11846e+03 +2.51123e-01 +7.24896e-01 +7.94878e-01 +1.73284e-01
+7.11859e+03 +2.51231e-01 +6.88596e-01 +7.73717e-01 +1.98026e-01
+7.11872e+03 +2.51011e-01 +6.11391e-01 +7.24245e-01 +2.40579e-01
+7.11885e+03 +2.51076e-01 +5.18935e-01 +6.48384e-01 +2.95468e-01
+7.11898e+03 +2.50671e-01 +4.40565e-01 +5.46273e-01 +3.48409e-01
+7.11911e+03 +2.50440e-01 +3.91522e-01 +4.38411e-01 +3.76108e-01
+7.11924e+03 +2.50551e-01 +3.77428e-01 +3.43040e-01 +3.60402e-01
+7.11936e+03 +2.50859e-01 +3.74817e-01 +2.76316e-01 +3.22265e-01
+7.11949e+03 +2.51453e-01 +3.67249e-01 +2.36005e-01 +2.73825e-01
+7.11962e+03 +2.50919e-01 +3.49750e-01 +2.12014e-01 +2.33273e-01
+7.11975e+03 +2.50620e-01 +3.17474e-01 +1.97876e-01 +2.12825e-01
+7.11988e+03 +2.50050e-01 +2.71999e-01 +1.91454e-01 +2.12765e-01
+7.12001e+03 +2.49572e-01 +2.23955e-01 +1.84290e-01 +2.19878e-01
+7.12014e+03 +2.48607e-01 +1.81153e-01 +1.75954e-01 +2.26999e-01
+7.12027e+03 +2.47783e-01 +1.50462e-01 +1.70041e-01 +2.18387e-01
+7.12040e+03 +2.46836e-01 +1.31850e-01 +1.63670e-01 +1.97171e-01
+7.12053e+03 +2.46350e-01 +1.29514e-01 +1.65791e-01 +1.61394e-01
+7.12066e+03 +2.45207e-01 +1.36376e-01 +1.73878e-01 +1.26152e-01
+7.12079e+03 +2.44133e-01 +1.47213e-01 +1.85982e-01 +1.02961e-01
+7.12092e+03 +2.44315e-01 +1.58887e-01 +2.19398e-01 +9.11249e-02
+7.12105e+03 +2.43211e-01 +1.64456e-01 +2.73918e-01 +8.48230e-02
+7.12118e+03 +2.42746e-01 +1.58499e-01 +3.52647e-01 +8.73750e-02
+7.12131e+03 +2.42293e-01 +1.50068e-01 +4.46911e-01 +9.24789e-02
+7.12144e+03 +2.42560e-01 +1.33464e-01 +5.33459e-01 +1.12773e-01
+7.12157e+03 +2.43473e-01 +1.18817e-01 +5.92929e-01 +1.43628e-01
+7.12170e+03 +2.42891e-01 +1.02721e-01 +6.01577e-01 +1.83864e-01
+7.12183e+03 +2.43996e-01 +8.97034e-02 +5.75705e-01 +2.30168e-01
+7.12195e+03 +2.43979e-01 +8.03409e-02 +5.28203e-01 +2.71481e-01
+7.12208e+03 +2.44425e-01 +7.55649e-02 +4.72658e-01 +2.90862e-01
+7.12221e+03 +2.43657e-01 +6.92715e-02 +4.20465e-01 +2.86845e-01
+7.12234e+03 +2.42696e-01 +6.43057e-02 +3.70627e-01 +2.66922e-01
+7.12247e+03 +2.41619e-01 +6.43317e-02 +3.24797e-01 +2.49318e-01
+7.12260e+03 +2.40760e-01 +6.58405e-02 +2.77225e-01 +2.29144e-01
+7.12273e+03 +2.39364e-01 +8.15743e-02 +2.36904e-01 +2.19540e-01
+7.12286e+03 +2.38470e-01 +1.02334e-01 +1.95272e-01 +2.23006e-01
+7.12299e+03 +2.38318e-01 +1.30043e-01 +1.66166e-01 +2.35326e-01
+7.12312e+03 +2.38165e-01 +1.61106e-01 +1.36346e-01 +2.56242e-01
+7.12325e+03 +2.37894e-01 +1.81814e-01 +1.16793e-01 +2.78338e-01
+7.12338e+03 +2.37650e-01 +1.88255e-01 +1.04568e-01 +2.91546e-01
+7.12351e+03 +2.37086e-01 +1.79168e-01 +9.95674e-02 +2.90917e-01
+7.12364e+03 +2.36569e-01 +1.54485e-01 +1.09887e-01 +2.80123e-01
+7.12377e+03 +2.35473e-01 +1.25794e-01 +1.34165e-01 +2.64614e-01
+7.12390e+03 +2.34463e-01 +1.01654e-01 +1.71762e-01 +2.46992e-01
+7.12403e+03 +2.33044e-01 +8.47217e-02 +2.17938e-01 +2.33508e-01
+7.12416e+03 +2.31879e-01 +7.97386e-02 +2.61752e-01 +2.28836e-01
+7.12429e+03 +2.29289e-01 +8.05835e-02 +2.93151e-01 +2.36612e-01
+7.12442e+03 +2.26710e-01 +8.21440e-02 +3.05747e-01 +2.64226e-01
+7.12455e+03 +2.24213e-01 +7.87041e-02 +2.95668e-01 +3.13428e-01
+7.12467e+03 +2.22463e-01 +7.24622e-02 +2.70727e-01 +3.78683e-01
+7.12480e+03 +2.20606e-01 +6.57721e-02 +2.43027e-01 +4.33135e-01
+7.12493e+03 +2.19916e-01 +5.83922e-02 +2.24473e-01 +4.68017e-01
+7.12506e+03 +2.19876e-01 +5.49437e-02 +2.13705e-01 +4.74768e-01
+7.12519e+03 +2.20490e-01 +5.20814e-02 +2.10929e-01 +4.68629e-01
+7.12532e+03 +2.20354e-01 +5.08486e-02 +2.09188e-01 +4.61922e-01
+7.12545e+03 +2.20713e-01 +5.04606e-02 +2.00851e-01 +4.71396e-01
+7.12558e+03 +2.20652e-01 +4.54430e-02 +1.84505e-01 +4.88665e-01
+7.12571e+03 +2.20356e-01 +4.69517e-02 +1.68486e-01 +4.92424e-01
+7.12584e+03 +2.20152e-01 +4.77793e-02 +1.48459e-01 +4.76112e-01
+7.12597e+03 +2.19719e-01 +4.77793e-02 +1.35699e-01 +4.39842e-01
+7.12610e+03 +2.20364e-01 +4.99949e-02 +1.29268e-01 +4.05934e-01
+7.12623e+03 +2.19257e-01 +4.90810e-02 +1.21638e-01 +4.01821e-01
+7.12636e+03 +2.18450e-01 +5.18915e-02 +1.19767e-01 +4.38280e-01
+7.12649e+03 +2.17638e-01 +5.34433e-02 +1.23784e-01 +5.10776e-01
+7.12662e+03 +2.16593e-01 +5.64607e-02 +1.34785e-01 +6.03929e-01
+7.12675e+03 +2.15918e-01 +6.40646e-02 +1.62140e-01 +6.87322e-01
+7.12688e+03 +2.15262e-01 +7.16513e-02 +1.98944e-01 +7.28100e-01
+7.12701e+03 +2.14690e-01 +8.08414e-02 +2.69164e-01 +7.13055e-01
+7.12714e+03 +2.13948e-01 +9.84632e-02 +3.65515e-01 +6.51602e-01
+7.12726e+03 +2.12985e-01 +1.18171e-01 +4.94324e-01 +5.66716e-01
+7.12739e+03 +2.12630e-01 +1.46880e-01 +6.31728e-01 +4.94677e-01
+7.12752e+03 +2.11980e-01 +1.78062e-01 +7.49648e-01 +4.67795e-01
+7.12765e+03 +2.11119e-01 +2.02460e-01 +8.04401e-01 +4.73726e-01
+7.12778e+03 +2.10883e-01 +2.21375e-01 +7.96511e-01 +4.94390e-01
+7.12791e+03 +2.09828e-01 +2.27806e-01 +7.30894e-01 +5.04157e-01
+7.12804e+03 +2.08779e-01 +2.29142e-01 +6.45604e-01 +4.83931e-01
+7.12817e+03 +2.07813e-01 +2.24408e-01 +5.68263e-01 +4.31781e-01
+7.12830e+03 +2.06287e-01 +2.12640e-01 +5.11388e-01 +3.66045e-01
+7.12843e+03 +2.05613e-01 +1.96665e-01 +4.61230e-01 +3.08076e-01
+7.12856e+03 +2.04293e-01 +1.77362e-01 +4.09588e-01 +2.69685e-01
+7.12869e+03 +2.03721e-01 +1.55550e-01 +3.54533e-01 +2.56288e-01
+7.12882e+03 +2.02793e-01 +1.41498e-01 +2.95246e-01 +2.60986e-01
+7.12895e+03 +2.01330e-01 +1.34178e-01 +2.39631e-01 +2.75572e-01
+7.12908e+03 +1.99697e-01 +1.39531e-01 +1.92921e-01 +2.96986e-01
+7.12921e+03 +1.98471e-01 +1.50566e-01 +1.68584e-01 +3.24573e-01
+7.12934e+03 +1.96348e-01 +1.63790e-01 +1.66394e-01 +3.57892e-01
+7.12947e+03 +1.94894e-01 +1.76049e-01 +1.89308e-01 +4.01410e-01
+7.12960e+03 +1.93259e-01 +1.85894e-01 +2.28516e-01 +4.44669e-01
+7.12973e+03 +1.91701e-01 +1.95385e-01 +2.77344e-01 +4.83876e-01
+7.12985e+03 +1.90426e-01 +1.98635e-01 +3.29285e-01 +5.01375e-01
+7.12998e+03 +1.88851e-01 +1.94651e-01 +3.74526e-01 +4.93676e-01
+7.13011e+03 +1.87921e-01 +1.81685e-01 +4.06578e-01 +4.67657e-01
+7.13024e+03 +1.87222e-01 +1.76891e-01 +4.21982e-01 +4.30611e-01
+7.13037e+03 +1.85789e-01 +1.83624e-01 +4.14886e-01 +3.90015e-01
+7.13050e+03 +1.85128e-01 +2.22037e-01 +3.85203e-01 +3.53772e-01
+7.13063e+03 +1.84728e-01 +3.04641e-01 +3.36469e-01 +3.23736e-01
+7.13076e+03 +1.83935e-01 +4.21684e-01 +2.77330e-01 +2.99554e-01
+7.13089e+03 +1.83606e-01 +5.71589e-01 +2.12311e-01 +2.72019e-01
+7.13102e+03 +1.83006e-01 +7.22441e-01 +1.59112e-01 +2.46871e-01
+7.13115e+03 +1.82866e-01 +8.43620e-01 +1.21724e-01 +2.18767e-01
+7.13128e+03 +1.83009e-01 +9.09091e-01 +9.73789e-02 +1.95353e-01
+7.13141e+03 +1.82460e-01 +9.02045e-01 +7.81632e-02 +1.78249e-01
+7.13154e+03 +1.82169e-01 +8.26129e-01 +7.03096e-02 +1.79239e-01
+7.13167e+03 +1.81578e-01 +7.07731e-01 +7.31455e-02 +2.00989e-01
+7.13180e+03 +1.80947e-01 +5.80912e-01 +8.28865e-02 +2.46237e-01
+7.13193e+03 +1.80433e-01 +4.67904e-01 +9.82566e-02 +3.07873e-01
+7.13206e+03 +1.80388e-01 +3.86810e-01 +1.11118e-01 +3.64388e-01
+7.13219e+03 +1.80389e-01 +3.34896e-01 +1.19979e-01 +4.02808e-01
+7.13231e+03 +1.80611e-01 +2.97172e-01 +1.23134e-01 +4.13866e-01
+7.13244e+03 +1.80897e-01 +2.70353e-01 +1.17694e-01 +3.90547e-01
+7.13257e+03 +1.80912e-01 +2.39568e-01 +1.13461e-01 +3.54426e-01
+7.13270e+03 +1.80310e-01 +2.06414e-01 +1.10237e-01 +3.21374e-01
+7.13283e+03 +1.79475e-01 +1.71216e-01 +1.17555e-01 +3.02202e-01
+7.13296e+03 +1.78483e-01 +1.38933e-01 +1.32924e-01 +2.98856e-01
+7.13309e+03 +1.77399e-01 +1.13097e-01 +1.55940e-01 +3.10440e-01
+7.13322e+03 +1.76671e-01 +9.13309e-02 +1.81214e-01 +3.15025e-01
+7.13335e+03 +1.75483e-01 +7.67797e-02 +1.97781e-01 +3.14946e-01
+7.13348e+03 +1.74514e-01 +7.01677e-02 +2.04892e-01 +3.00032e-01
+7.13361e+03 +1.73376e-01 +7.08312e-02 +2.04399e-01 +2.81023e-01
+7.13374e+03 +1.72112e-01 +7.57702e-02 +1.88512e-01 +2.56093e-01
+7.13387e+03 +1.70922e-01 +8.53639e-02 +1.72521e-01 +2.25810e-01
+7.13400e+03 +1.69389e-01 +1.02052e-01 +1.51349e-01 +2.00259e-01
+7.13413e+03 +1.68322e-01 +1.24929e-01 +1.36928e-01 +1.79432e-01
+7.13426e+03 +1.66943e-01 +1.49081e-01 +1.30419e-01 +1.60907e-01
+7.13439e+03 +1.65889e-01 +1.76560e-01 +1.32444e-01 +1.49658e-01
+7.13452e+03 +1.65245e-01 +2.07177e-01 +1.44434e-01 +1.40830e-01
+7.13465e+03 +1.64511e-01 +2.33432e-01 +1.61353e-01 +1.33382e-01
+7.13478e+03 +1.63464e-01 +2.54273e-01 +1.76575e-01 +1.19211e-01
+7.13490e+03 +1.62540e-01 +2.61866e-01 +1.88952e-01 +1.04884e-01
+7.13503e+03 +1.61560e-01 +2.58314e-01 +1.90210e-01 +8.92306e-02
+7.13516e+03 +1.60257e-01 +2.43840e-01 +1.85063e-01 +7.56715e-02
+7.13529e+03 +1.59450e-01 +2.22859e-01 +1.68237e-01 +6.47070e-02
+7.13542e+03 +1.58744e-01 +2.03791e-01 +1.50652e-01 +5.94402e-02
+7.13555e+03 +1.58031e-01 +1.91956e-01 +1.34110e-01 +5.42423e-02
+7.13568e+03 +1.57873e-01 +1.93730e-01 +1.20422e-01 +5.05443e-02
+7.13581e+03 +1.57776e-01 +2.05727e-01 +1.09811e-01 +5.10871e-02
+7.13594e+03 +1.57253e-01 +2.19069e-01 +1.00493e-01 +5.23969e-02
+7.13607e+03 +1.56524e-01 +2.30738e-01 +9.81478e-02 +5.24484e-02
+7.13620e+03 +1.56216e-01 +2.39701e-01 +9.89661e-02 +5.46891e-02
+7.13633e+03 +1.55805e-01 +2.40415e-01 +1.01112e-01 +6.33597e-02
+7.13646e+03 +1.55642e-01 +2.38250e-01 +1.02189e-01 +7.29266e-02
+7.13659e+03 +1.54962e-01 +2.32448e-01 +9.57754e-02 +8.59410e-02
+7.13672e+03 +1.53853e-01 +2.23975e-01 +8.11138e-02 +9.55163e-02
+7.13685e+03 +1.52305e-01 +2.17811e-01 +7.09343e-02 +9.98252e-02
+7.13698e+03 +1.51333e-01 +2.08027e-01 +5.97121e-02 +1.04660e-01
+7.13711e+03 +1.50106e-01 +1.98191e-01 +5.48679e-02 +1.05288e-01
+7.13724e+03 +1.48675e-01 +1.98251e-01 +5.81255e-02 +1.14157e-01
+7.13737e+03 +1.47784e-01 +2.10307e-01 +6.28138e-02 +1.29437e-01
+7.13749e+03 +1.47360e-01 +2.42661e-01 +7.32679e-02 +1.50406e-01
+7.13762e+03 +1.46146e-01 +2.80874e-01 +8.16620e-02 +1.73787e-01
+7.13775e+03 +1.45609e-01 +3.10271e-01 +9.11851e-02 +1.91609e-01
+7.13788e+03 +1.45484e-01 +3.20861e-01 +9.92774e-02 +2.00123e-01
+7.13801e+03 +1.45583e-01 +3.05759e-01 +1.06999e-01 +1.97028e-01
+7.13814e+03 +1.45297e-01 +2.64363e-01 +1.12342e-01 +1.86909e-01
+7.13827e+03 +1.45382e-01 +2.06239e-01 +1.17796e-01 +1.72799e-01
+7.13840e+03 +1.44898e-01 +1.53769e-01 +1.18158e-01 +1.52691e-01
+7.13853e+03 +1.44926e-01 +1.11564e-01 +1.17916e-01 +1.36264e-01
+7.13866e+03 +1.44398e-01 +8.24766e-02 +1.21095e-01 +1.18906e-01
+7.13879e+03 +1.43496e-01 +6.94539e-02 +1.26903e-01 +1.03108e-01
+7.13892e+03 +1.42563e-01 +6.46273e-02 +1.38579e-01 +8.84737e-02
+7.13905e+03 +1.41843e-01 +6.84361e-02 +1.50282e-01 +7.79504e-02
+7.13918e+03 +1.40530e-01 +7.50025e-02 +1.59502e-01 +6.76427e-02
+7.13931e+03 +1.39721e-01 +8.27926e-02 +1.57657e-01 +6.71424e-02
+7.13944e+03 +1.38542e-01 +8.86263e-02 +1.51063e-01 +6.77280e-02
+7.13957e+03 +1.38316e-01 +9.38998e-02 +1.41324e-01 +7.12953e-02
+7.13970e+03 +1.37338e-01 +8.99091e-02 +1.35626e-01 +7.48194e-02
+7.13983e+03 +1.37017e-01 +8.49964e-02 +1.41123e-01 +8.08340e-02
+7.13996e+03 +1.36076e-01 +8.13160e-02 +1.57349e-01 +8.90374e-02
+7.14009e+03 +1.35391e-01 +7.47144e-02 +1.91121e-01 +9.72063e-02
+7.14021e+03 +1.35265e-01 +7.10169e-02 +2.37249e-01 +1.11192e-01
+7.14034e+03 +1.34352e-01 +7.03701e-02 +2.89158e-01 +1.25341e-01
+7.14047e+03 +1.33495e-01 +7.00076e-02 +3.42317e-01 +1.43557e-01
+7.14060e+03 +1.32621e-01 +7.34195e-02 +3.93156e-01 +1.57585e-01
+7.14073e+03 +1.31543e-01 +7.50907e-02 +4.34525e-01 +1.67950e-01
+7.14086e+03 +1.30335e-01 +7.52366e-02 +4.64190e-01 +1.70034e-01
+7.14099e+03 +1.29504e-01 +7.92861e-02 +4.82800e-01 +1.67534e-01
+7.14112e+03 +1.28399e-01 +8.46625e-02 +4.87794e-01 +1.58287e-01
+7.14125e+03 +1.27080e-01 +8.96338e-02 +4.82491e-01 +1.53003e-01
+7.14138e+03 +1.26456e-01 +9.48464e-02 +4.70147e-01 +1.51528e-01
+7.14151e+03 +1.25768e-01 +1.04695e-01 +4.45258e-01 +1.51355e-01
+7.14164e+03 +1.25932e-01 +1.13000e-01 +4.19740e-01 +1.50320e-01
+7.14177e+03 +1.25477e-01 +1.20143e-01 +3.86597e-01 +1.41865e-01
+7.14190e+03 +1.25194e-01 +1.21934e-01 +3.53954e-01 +1.32472e-01
+7.14203e+03 +1.25073e-01 +1.22235e-01 +3.24172e-01 +1.25414e-01
+7.14216e+03 +1.25084e-01 +1.24741e-01 +2.95296e-01 +1.17374e-01
+7.14229e+03 +1.24899e-01 +1.34640e-01 +2.62284e-01 +1.14271e-01
+7.14242e+03 +1.25073e-01 +1.46219e-01 +2.31685e-01 +1.08764e-01
+7.14255e+03 +1.24731e-01 +1.65519e-01 +1.96830e-01 +9.85701e-02
+7.14268e+03 +1.24462e-01 +1.83525e-01 +1.62786e-01 +8.89622e-02
+7.14280e+03 +1.24083e-01 +1.97637e-01 +1.30888e-01 +7.96819e-02
+7.14293e+03 +1.23209e-01 +2.03399e-01 +1.06425e-01 +6.90145e-02
+7.14306e+03 +1.22486e-01 +2.03897e-01 +8.68662e-02 +6.63085e-02
+7.14319e+03 +1.21657e-01 +2.04119e-01 +7.26061e-02 +7.23477e-02
+7.14332e+03 +1.20652e-01 +2.06082e-01 +6.33866e-02 +8.98027e-02
+7.14345e+03 +1.20077e-01 +2.18650e-01 +5.82941e-02 +1.12254e-01
+7.14358e+03 +1.19214e-01 +2.34303e-01 +5.43648e-02 +1.36507e-01
+7.14371e+03 +1.18126e-01 +2.49757e-01 +4.97033e-02 +1.54297e-01
+7.14384e+03 +1.17497e-01 +2.57983e-01 +4.54209e-02 +1.66133e-01
+7.14397e+03 +1.16697e-01 +2.54198e-01 +4.40851e-02 +1.65726e-01
+7.14410e+03 +1.15602e-01 +2.39817e-01 +4.24220e-02 +1.57463e-01
+7.14423e+03 +1.14818e-01 +2.21834e-01 +4.17840e-02 +1.41497e-01
+7.14436e+03 +1.13590e-01 +2.02836e-01 +4.37651e-02 +1.22008e-01
+7.14449e+03 +1.13028e-01 +1.92143e-01 +4.83910e-02 +1.00297e-01
+7.14462e+03 +1.11896e-01 +1.78564e-01 +5.09406e-02 +8.11707e-02
+7.14475e+03 +1.11921e-01 +1.69818e-01 +5.79699e-02 +6.09507e-02
+7.14488e+03 +1.12396e-01 +1.66525e-01 +6.89705e-02 +5.04228e-02
+7.14501e+03 +1.12350e-01 +1.60398e-01 +7.89372e-02 +3.88699e-02
+7.14514e+03 +1.12582e-01 +1.55082e-01 +8.93171e-02 +3.20380e-02
+7.14527e+03 +1.13061e-01 +1.48266e-01 +9.27879e-02 +2.83076e-02
+7.14539e+03 +1.13031e-01 +1.39245e-01 +9.30971e-02 +2.62829e-02
+7.14552e+03 +1.13494e-01 +1.32533e-01 +9.49741e-02 +2.52920e-02
+7.14565e+03 +1.13757e-01 +1.23280e-01 +9.28368e-02 +2.59464e-02
+7.14578e+03 +1.13835e-01 +1.15431e-01 +9.17935e-02 +2.70746e-02
+7.14591e+03 +1.13843e-01 +1.03215e-01 +9.10346e-02 +2.74792e-02
+7.14604e+03 +1.13668e-01 +9.03617e-02 +9.27823e-02 +2.79527e-02
+7.14617e+03 +1.13425e-01 +7.88956e-02 +9.51588e-02 +2.95718e-02
+7.14630e+03 +1.12743e-01 +6.89629e-02 +9.99816e-02 +2.69701e-02
+7.14643e+03 +1.12070e-01 +6.42332e-02 +1.04684e-01 +2.57898e-02
+7.14656e+03 +1.11408e-01 +6.11661e-02 +1.05794e-01 +2.47817e-02
+7.14669e+03 +1.10813e-01 +6.02438e-02 +1.03553e-01 +2.40407e-02
+7.14682e+03 +1.10364e-01 +6.35163e-02 +1.03147e-01 +2.08878e-02
+7.14695e+03 +1.09539e-01 +6.52383e-02 +1.01311e-01 +2.11030e-02
+7.14708e+03 +1.09873e-01 +7.18526e-02 +1.05893e-01 +2.31872e-02
+7.14721e+03 +1.09878e-01 +8.01809e-02 +1.18889e-01 +2.44617e-02
+7.14734e+03 +1.08992e-01 +9.42540e-02 +1.42505e-01 +2.72435e-02
+7.14747e+03 +1.07928e-01 +1.06656e-01 +1.80065e-01 +3.20579e-02
+7.14760e+03 +1.07652e-01 +1.18153e-01 +2.25832e-01 +3.94044e-02
+7.14773e+03 +1.06637e-01 +1.24103e-01 +2.73235e-01 +4.88351e-02
+7.14785e+03 +1.05773e-01 +1.21354e-01 +3.12102e-01 +5.99020e-02
+7.14798e+03 +1.05405e-01 +1.16788e-01 +3.49073e-01 +7.40864e-02
+7.14811e+03 +1.04754e-01 +1.07856e-01 +3.69481e-01 +9.26458e-02
+7.14824e+03 +1.04731e-01 +9.70543e-02 +3.71742e-01 +1.13349e-01
+7.14837e+03 +1.04396e-01 +8.98877e-02 +3.60912e-01 +1.35447e-01
+7.14850e+03 +1.04448e-01 +7.83548e-02 +3.32401e-01 +1.63255e-01
+7.14863e+03 +1.04545e-01 +7.16277e-02 +2.90705e-01 +1.93551e-01
+7.14876e+03 +1.04154e-01 +6.29459e-02 +2.49949e-01 +2.22304e-01
+7.14889e+03 +1.04096e-01 +5.48671e-02 +2.08833e-01 +2.52780e-01
+7.14902e+03 +1.03771e-01 +5.27307e-02 +1.73065e-01 +2.79129e-01
+7.14915e+03 +1.03340e-01 +4.89323e-02 +1.47684e-01 +3.00742e-01
+7.14928e+03 +1.02873e-01 +5.06713e-02 +1.27496e-01 +3.13569e-01
+7.14941e+03 +1.01886e-01 +5.32714e-02 +1.16670e-01 +3.21282e-01
+7.14954e+03 +1.01354e-01 +5.65604e-02 +1.10529e-01 +3.17144e-01
+7.14967e+03 +1.00872e-01 +5.71625e-02 +1.13360e-01 +3.03182e-01
+7.14980e+03 +1.00306e-01 +5.88927e-02 +1.19043e-01 +2.84044e-01
+7.14993e+03 +9.97516e-02 +5.66444e-02 +1.30520e-01 +2.56071e-01
+7.15006e+03 +9.93661e-02 +5.09862e-02 +1.36460e-01 +2.29477e-01
+7.15019e+03 +9.92202e-02 +4.73948e-02 +1.41565e-01 +2.05045e-01
+7.15032e+03 +9.91556e-02 +4.22622e-02 +1.39488e-01 +1.82163e-01
+7.15044e+03 +9.87948e-02 +3.67852e-02 +1.35525e-01 +1.64776e-01
+7.15057e+03 +9.90308e-02 +3.58979e-02 +1.30546e-01 +1.49473e-01
+7.15070e+03 +9.85491e-02 +3.51225e-02 +1.27953e-01 +1.35134e-01
+7.15083e+03 +9.82092e-02 +3.65944e-02 +1.23801e-01 +1.26134e-01
+7.15096e+03 +9.81986e-02 +4.36114e-02 +1.17213e-01 +1.19701e-01
+7.15109e+03 +9.77933e-02 +4.90008e-02 +1.06956e-01 +1.16884e-01
+7.15122e+03 +9.79627e-02 +5.54922e-02 +9.34198e-02 +1.15083e-01
+7.15135e+03 +9.77623e-02 +6.27325e-02 +7.80842e-02 +1.18000e-01
+7.15148e+03 +9.76125e-02 +6.43934e-02 +6.59174e-02 +1.25024e-01
+7.15161e+03 +9.77604e-02 +6.49523e-02 +5.57914e-02 +1.35079e-01
+7.15174e+03 +9.75596e-02 +5.90624e-02 +5.08143e-02 +1.44729e-01
+7.15187e+03 +9.71726e-02 +5.09686e-02 +5.08911e-02 +1.55032e-01
+7.15200e+03 +9.73384e-02 +4.79977e-02 +6.08086e-02 +1.59249e-01
+7.15213e+03 +9.70367e-02 +4.52851e-02 +7.59430e-02 +1.53789e-01
+7.15226e+03 +9.64161e-02 +4.53964e-02 +9.17657e-02 +1.47967e-01
+7.15239e+03 +9.63204e-02 +4.75567e-02 +1.12358e-01 +1.39580e-01
+7.15252e+03 +9.60891e-02 +5.03454e-02 +1.28911e-01 +1.35816e-01
+7.15265e+03 +9.63856e-02 +5.20923e-02 +1.47289e-01 +1.35444e-01
+7.15278e+03 +9.62465e-02 +5.32280e-02 +1.60037e-01 +1.38687e-01
+7.15291e+03 +9.67689e-02 +5.48113e-02 +1.66853e-01 +1.45564e-01
+7.15303e+03 +9.64592e-02 +5.24690e-02 +1.74779e-01 +1.50512e-01
+7.15316e+03 +9.64037e-02 +5.02215e-02 +1.71703e-01 +1.51301e-01
+7.15329e+03 +9.62209e-02 +5.09697e-02 +1.67741e-01 +1.49242e-01
+7.15342e+03 +9.58075e-02 +4.98586e-02 +1.60190e-01 +1.44643e-01
+7.15355e+03 +9.53434e-02 +5.03055e-02 +1.49505e-01 +1.35999e-01
+7.15368e+03 +9.51541e-02 +4.79290e-02 +1.41954e-01 +1.28430e-01
+7.15381e+03 +9.45150e-02 +4.82210e-02 +1.30856e-01 +1.23341e-01
+7.15394e+03 +9.43846e-02 +4.43469e-02 +1.24614e-01 +1.17245e-01
+7.15407e+03 +9.40953e-02 +4.32445e-02 +1.17829e-01 +1.11425e-01
+7.15420e+03 +9.35910e-02 +3.93533e-02 +1.11329e-01 +1.05243e-01
+7.15433e+03 +9.29774e-02 +3.72697e-02 +1.09072e-01 +9.56275e-02
+7.15446e+03 +9.26070e-02 +3.51691e-02 +1.08916e-01 +8.73287e-02
+7.15459e+03 +9.21854e-02 +3.63477e-02 +1.09474e-01 +7.96241e-02
+7.15472e+03 +9.20438e-02 +3.53488e-02 +1.08112e-01 +7.09386e-02
+7.15485e+03 +9.15018e-02 +4.15194e-02 +1.02034e-01 +6.36906e-02
+7.15498e+03 +9.12511e-02 +4.72250e-02 +9.13258e-02 +5.83019e-02
+7.15511e+03 +9.12096e-02 +5.08994e-02 +7.90945e-02 +5.42215e-02
+7.15524e+03 +9.08922e-02 +5.58904e-02 +6.58480e-02 +5.36613e-02
+7.15537e+03 +9.07733e-02 +5.83251e-02 +5.21286e-02 +5.51666e-02
+7.15550e+03 +9.08071e-02 +5.86685e-02 +4.52773e-02 +6.43916e-02
+7.15562e+03 +9.06006e-02 +6.31772e-02 +3.80561e-02 +7.04149e-02
+7.15575e+03 +9.04401e-02 +6.34172e-02 +3.53705e-02 +7.94415e-02
+7.15588e+03 +8.99584e-02 +6.89240e-02 +3.17727e-02 +8.67037e-02
+7.15601e+03 +9.02415e-02 +7.17457e-02 +3.15743e-02 +8.92152e-02
+7.15614e+03 +9.00799e-02 +7.55052e-02 +3.22709e-02 +9.09350e-02
+7.15627e+03 +8.99775e-02 +7.44800e-02 +3.50241e-02 +9.66648e-02
+7.15640e+03 +8.98509e-02 +7.49005e-02 +3.79494e-02 +1.02360e-01
+7.15653e+03 +9.03529e-02 +7.11303e-02 +3.85512e-02 +1.12340e-01
+7.15666e+03 +8.97143e-02 +6.85908e-02 +4.02630e-02 +1.20625e-01
+7.15679e+03 +8.91678e-02 +6.89941e-02 +4.28266e-02 +1.24935e-01
+7.15692e+03 +8.87168e-02 +7.42076e-02 +4.27227e-02 +1.24494e-01
+7.15705e+03 +8.83963e-02 +8.28799e-02 +4.60520e-02 +1.18537e-01
+7.15718e+03 +8.82691e-02 +9.37719e-02 +5.16787e-02 +1.05354e-01
+7.15731e+03 +8.75950e-02 +1.08191e-01 +5.93615e-02 +8.99587e-02
+7.15744e+03 +8.76874e-02 +1.22326e-01 +7.26455e-02 +7.32220e-02
+7.15757e+03 +8.72531e-02 +1.34525e-01 +8.60926e-02 +6.14074e-02
+7.15770e+03 +8.73035e-02 +1.39315e-01 +1.06319e-01 +5.52719e-02
+7.15783e+03 +8.75304e-02 +1.39132e-01 +1.24867e-01 +5.34298e-02
+7.15796e+03 +8.75663e-02 +1.33211e-01 +1.33701e-01 +5.21039e-02
+7.15809e+03 +8.79037e-02 +1.16303e-01 +1.41150e-01 +5.36689e-02
+7.15822e+03 +8.80458e-02 +9.69432e-02 +1.44881e-01 +5.25152e-02
+7.15834e+03 +8.79934e-02 +7.85393e-02 +1.41300e-01 +4.68448e-02
+7.15847e+03 +8.77472e-02 +5.85185e-02 +1.44438e-01 +4.37555e-02
+7.15860e+03 +8.81054e-02 +4.85639e-02 +1.45984e-01 +4.35311e-02
+7.15873e+03 +8.77174e-02 +3.85150e-02 +1.51204e-01 +4.86405e-02
+7.15886e+03 +8.73630e-02 +3.67078e-02 +1.58969e-01 +6.02018e-02
+7.15899e+03 +8.71837e-02 +3.58727e-02 +1.75613e-01 +7.83264e-02
+7.15912e+03 +8.66881e-02 +3.71281e-02 +1.91808e-01 +1.05208e-01
+7.15925e+03 +8.65706e-02 +4.37254e-02 +2.13440e-01 +1.30763e-01
+7.15938e+03 +8.62016e-02 +5.15784e-02 +2.28516e-01 +1.57953e-01
+7.15951e+03 +8.59917e-02 +6.40161e-02 +2.37845e-01 +1.74001e-01
+7.15964e+03 +8.59783e-02 +8.13047e-02 +2.33738e-01 +1.83710e-01
+7.15977e+03 +8.55977e-02 +1.13328e-01 +2.20273e-01 +1.88764e-01
+7.15990e+03 +8.55853e-02 +1.56566e-01 +1.94413e-01 +1.94301e-01
+7.16003e+03 +8.57574e-02 +2.12051e-01 +1.65810e-01 +2.00998e-01
+7.16016e+03 +8.58568e-02 +2.72497e-01 +1.35470e-01 +2.17337e-01
+7.16029e+03 +8.61765e-02 +3.34463e-01 +1.10877e-01 +2.48263e-01
+7.16042e+03 +8.55817e-02 +3.82761e-01 +8.96996e-02 +2.79050e-01
+7.16055e+03 +8.52823e-02 +4.09451e-01 +7.85342e-02 +3.18678e-01
+7.16068e+03 +8.46407e-02 +4.09805e-01 +7.49119e-02 +3.50254e-01
+7.16081e+03 +8.38464e-02 +3.86000e-01 +7.72844e-02 +3.75035e-01
+7.16093e+03 +8.25529e-02 +3.45563e-01 +8.62274e-02 +3.85503e-01
+7.16106e+03 +8.13516e-02 +2.96519e-01 +1.01939e-01 +3.84602e-01
+7.16119e+03 +8.02817e-02 +2.51277e-01 +1.15533e-01 +3.78352e-01
+7.16132e+03 +7.89536e-02 +2.12186e-01 +1.33505e-01 +3.66942e-01
+7.16145e+03 +7.77077e-02 +1.83923e-01 +1.47581e-01 +3.59514e-01
+7.16158e+03 +7.66720e-02 +1.61432e-01 +1.58998e-01 +3.59696e-01
+7.16171e+03 +7.58555e-02 +1.47662e-01 +1.60225e-01 +3.66604e-01
+7.16184e+03 +7.51023e-02 +1.41063e-01 +1.59406e-01 +3.68644e-01
+7.16197e+03 +7.46456e-02 +1.36538e-01 +1.49754e-01 +3.65232e-01
+7.16210e+03 +7.41564e-02 +1.24875e-01 +1.34721e-01 +3.42731e-01
+7.16223e+03 +7.37678e-02 +1.09773e-01 +1.19455e-01 +3.05096e-01
+7.16236e+03 +7.36618e-02 +9.16019e-02 +9.94181e-02 +2.56551e-01
+7.16249e+03 +7.32706e-02 +7.28468e-02 +8.23998e-02 +2.06528e-01
+7.16262e+03 +7.33468e-02 +5.58121e-02 +7.17707e-02 +1.56104e-01
+7.16275e+03 +7.33075e-02 +3.98528e-02 +6.79862e-02 +1.19619e-01
+7.16288e+03 +7.30087e-02 +2.89239e-02 +6.88190e-02 +9.49485e-02
+7.16301e+03 +7.27960e-02 +2.11853e-02 +8.00294e-02 +8.28237e-02
+7.16314e+03 +7.24333e-02 +1.81671e-02 +9.17896e-02 +8.28909e-02
+7.16327e+03 +7.21026e-02 +1.57938e-02 +1.06464e-01 +8.88475e-02
+7.16340e+03 +7.18003e-02 +1.56387e-02 +1.17836e-01 +1.01742e-01
+7.16352e+03 +7.15225e-02 +1.32398e-02 +1.26234e-01 +1.17172e-01
+7.16365e+03 +7.10665e-02 +1.47526e-02 +1.30212e-01 +1.34940e-01
+7.16378e+03 +7.05533e-02 +1.56379e-02 +1.26685e-01 +1.52458e-01
+7.16391e+03 +7.00114e-02 +1.73827e-02 +1.19839e-01 +1.64302e-01
+7.16404e+03 +6.91912e-02 +1.73652e-02 +1.10467e-01 +1.74168e-01
+7.16417e+03 +6.84525e-02 +1.92819e-02 +1.03527e-01 +1.72118e-01
+7.16430e+03 +6.77477e-02 +2.38289e-02 +9.94334e-02 +1.65969e-01
+7.16443e+03 +6.66789e-02 +2.79804e-02 +9.54085e-02 +1.47028e-01
+7.16456e+03 +6.58493e-02 +3.16762e-02 +9.02319e-02 +1.23421e-01
+7.16469e+03 +6.52507e-02 +3.80021e-02 +8.75569e-02 +1.06915e-01
+7.16482e+03 +6.45740e-02 +4.47833e-02 +8.11858e-02 +9.20163e-02
+7.16495e+03 +6.39340e-02 +5.15299e-02 +7.55370e-02 +8.50092e-02
+7.16508e+03 +6.34482e-02 +5.65571e-02 +7.10918e-02 +8.39418e-02
+7.16521e+03 +6.27455e-02 +5.95471e-02 +6.54520e-02 +8.23500e-02
+7.16534e+03 +6.25005e-02 +6.07149e-02 +6.19440e-02 +8.15921e-02
+7.16547e+03 +6.19272e-02 +5.83329e-02 +5.93729e-02 +7.78775e-02
+7.16560e+03 +6.16987e-02 +5.50314e-02 +6.01538e-02 +7.68274e-02
+7.16573e+03 +6.11508e-02 +4.82665e-02 +6.07457e-02 +7.75822e-02
+7.16586e+03 +6.05272e-02 +4.38481e-02 +6.49901e-02 +7.80620e-02
+7.16598e+03 +6.05281e-02 +4.00314e-02 +6.89249e-02 +8.66803e-02
+7.16611e+03 +6.03776e-02 +3.78736e-02 +7.57041e-02 +8.82599e-02
+7.16624e+03 +5.99427e-02 +3.69275e-02 +8.10308e-02 +8.43738e-02
+7.16637e+03 +5.99164e-02 +3.54916e-02 +8.59533e-02 +7.72909e-02
+7.16650e+03 +5.93443e-02 +3.45628e-02 +9.09014e-02 +6.50265e-02
+7.16663e+03 +5.90191e-02 +3.47426e-02 +8.98426e-02 +5.35962e-02
+7.16676e+03 +5.84838e-02 +3.87119e-02 +8.54411e-02 +4.25702e-02
+7.16689e+03 +5.77711e-02 +4.69689e-02 +7.97251e-02 +3.70441e-02
+7.16702e+03 +5.72769e-02 +5.51998e-02 +6.97129e-02 +3.54966e-02
+7.16715e+03 +5.65912e-02 +6.54754e-02 +5.98816e-02 +3.91907e-02
+7.16728e+03 +5.55147e-02 +7.52521e-02 +4.95179e-02 +4.07881e-02
+7.16741e+03 +5.49784e-02 +8.10246e-02 +4.36484e-02 +4.73087e-02
+7.16754e+03 +5.45229e-02 +8.89190e-02 +3.82346e-02 +5.10968e-02
+7.16767e+03 +5.42359e-02 +9.94078e-02 +3.86977e-02 +5.52886e-02
+7.16780e+03 +5.35666e-02 +1.08109e-01 +3.78721e-02 +5.20054e-02
+7.16793e+03 +5.33336e-02 +1.18949e-01 +4.00364e-02 +5.18583e-02
+7.16806e+03 +5.27663e-02 +1.30202e-01 +4.38415e-02 +5.28882e-02
+7.16819e+03 +5.22853e-02 +1.39426e-01 +5.07823e-02 +4.80674e-02
+7.16832e+03 +5.20795e-02 +1.36811e-01 +6.34271e-02 +4.75252e-02
+7.16845e+03 +5.13189e-02 +1.30949e-01 +7.79098e-02 +4.47580e-02
+7.16857e+03 +5.06158e-02 +1.16600e-01 +9.24521e-02 +4.49804e-02
+7.16870e+03 +5.01733e-02 +1.01092e-01 +1.04374e-01 +4.51856e-02
+7.16883e+03 +4.93839e-02 +8.32050e-02 +1.09431e-01 +4.63186e-02
+7.16896e+03 +4.87394e-02 +6.65472e-02 +1.09961e-01 +4.51321e-02
+7.16909e+03 +4.80804e-02 +5.33173e-02 +1.03628e-01 +4.81634e-02
+7.16922e+03 +4.75232e-02 +4.29398e-02 +9.55860e-02 +4.93649e-02
+7.16935e+03 +4.74581e-02 +3.36537e-02 +8.56889e-02 +5.26794e-02
+7.16948e+03 +4.71428e-02 +3.06896e-02 +7.34558e-02 +5.97215e-02
+7.16961e+03 +4.70042e-02 +2.75024e-02 +6.54062e-02 +6.49338e-02
+7.16974e+03 +4.68798e-02 +2.55006e-02 +5.97962e-02 +7.38735e-02
+7.16987e+03 +4.61748e-02 +2.38510e-02 +6.26722e-02 +7.62682e-02
+7.17000e+03 +4.62162e-02 +2.21929e-02 +7.10876e-02 +8.46404e-02
+7.17013e+03 +4.53011e-02 +1.94355e-02 +8.57293e-02 +9.50133e-02
+7.17026e+03 +4.44655e-02 +1.85247e-02 +9.84809e-02 +1.06519e-01
+7.17039e+03 +4.41289e-02 +1.51407e-02 +1.12074e-01 +1.21014e-01
+7.17052e+03 +4.33906e-02 +1.32596e-02 +1.16279e-01 +1.33738e-01
+7.17065e+03 +4.26726e-02 +1.48480e-02 +1.10488e-01 +1.40786e-01
+7.17078e+03 +4.20650e-02 +1.27867e-02 +9.87384e-02 +1.39889e-01
+7.17091e+03 +4.14490e-02 +1.33789e-02 +8.40348e-02 +1.31789e-01
+7.17104e+03 +4.08977e-02 +1.47697e-02 +6.42741e-02 +1.18149e-01
+7.17116e+03 +4.05441e-02 +1.40309e-02 +5.11434e-02 +9.94445e-02
+7.17129e+03 +4.03265e-02 +1.44084e-02 +4.13362e-02 +8.07061e-02
+7.17142e+03 +3.96900e-02 +1.52238e-02 +3.65956e-02 +6.38147e-02
+7.17155e+03 +3.92413e-02 +1.53265e-02 +3.43537e-02 +5.17581e-02
+7.17168e+03 +3.89781e-02 +1.42787e-02 +3.58555e-02 +4.33769e-02
+7.17181e+03 +3.82147e-02 +1.45016e-02 +4.11093e-02 +4.05941e-02
+7.17194e+03 +3.76818e-02 +1.56603e-02 +4.57790e-02 +4.08594e-02
+7.17207e+03 +3.72273e-02 +1.44237e-02 +4.90919e-02 +4.55118e-02
+7.17220e+03 +3.66804e-02 +1.46809e-02 +5.70408e-02 +4.89449e-02
+7.17233e+03 +3.62099e-02 +1.47235e-02 +6.32380e-02 +5.89196e-02
+7.17246e+03 +3.59644e-02 +1.84833e-02 +6.72199e-02 +7.01817e-02
+7.17259e+03 +3.52103e-02 +1.78305e-02 +7.06952e-02 +8.64395e-02
+7.17272e+03 +3.46459e-02 +1.92207e-02 +6.93629e-02 +1.07650e-01
+7.17285e+03 +3.45244e-02 +1.95208e-02 +7.02541e-02 +1.29452e-01
+7.17298e+03 +3.41057e-02 +1.86361e-02 +7.11023e-02 +1.55982e-01
+7.17311e+03 +3.34269e-02 +1.79061e-02 +7.29376e-02 +1.69730e-01
+7.17324e+03 +3.27056e-02 +1.51245e-02 +7.23951e-02 +1.80928e-01
+7.17337e+03 +3.27609e-02 +1.66692e-02 +7.65221e-02 +1.82366e-01
+7.17350e+03 +3.26185e-02 +1.74413e-02 +7.83142e-02 +1.73778e-01
+7.17363e+03 +3.18411e-02 +1.49775e-02 +7.66387e-02 +1.56273e-01
+7.17376e+03 +3.16646e-02 +1.57840e-02 +7.37702e-02 +1.39035e-01
+7.17388e+03 +3.11414e-02 +1.15781e-02 +6.83527e-02 +1.17686e-01
+7.17401e+03 +3.08179e-02 +1.26678e-02 +6.23348e-02 +1.04063e-01
+7.17414e+03 +3.04322e-02 +1.03760e-02 +5.41543e-02 +9.57185e-02
+7.17427e+03 +3.00476e-02 +1.23754e-02 +4.82142e-02 +9.30214e-02
+7.17440e+03 +2.98998e-02 +1.09848e-02 +4.82474e-02 +9.56710e-02
+7.17453e+03 +2.94845e-02 +7.77501e-03 +4.96622e-02 +9.14722e-02
+7.17466e+03 +2.90655e-02 +6.86519e-03 +5.53248e-02 +8.33949e-02
+7.17479e+03 +2.85249e-02 +6.52177e-03 +6.32011e-02 +7.61932e-02
+7.17492e+03 +2.80482e-02 +5.26878e-03 +6.86142e-02 +6.12860e-02
+7.17505e+03 +2.78726e-02 +6.07525e-03 +7.20192e-02 +5.19914e-02
+7.17518e+03 +2.71833e-02 +8.25459e-03 +7.26009e-02 +4.33237e-02
+7.17531e+03 +2.67425e-02 +7.34486e-03 +7.17840e-02 +4.26963e-02
+7.17544e+03 +2.60967e-02 +8.45153e-03 +6.86076e-02 +4.16570e-02
+7.17557e+03 +2.57743e-02 +7.79066e-03 +6.30632e-02 +4.59031e-02
+7.17570e+03 +2.53934e-02 +1.03473e-02 +5.72703e-02 +5.08182e-02
+7.17583e+03 +2.48695e-02 +7.79886e-03 +5.02679e-02 +5.75434e-02
+7.17596e+03 +2.42918e-02 +5.91120e-03 +4.15157e-02 +6.62158e-02
+7.17609e+03 +2.40354e-02 +7.01777e-03 +3.39736e-02 +7.14045e-02
+7.17622e+03 +2.37312e-02 +8.63044e-03 +3.06527e-02 +7.01502e-02
+7.17635e+03 +2.30479e-02 +6.84585e-03 +2.46639e-02 +6.72060e-02
+7.17647e+03 +2.27456e-02 +8.32976e-03 +2.68508e-02 +5.84971e-02
+7.17660e+03 +2.21819e-02 +8.76705e-03 +2.89690e-02 +4.97286e-02
+7.17673e+03 +2.20915e-02 +9.79620e-03 +3.57364e-02 +4.05144e-02
+7.17686e+03 +2.18173e-02 +1.17603e-02 +4.52913e-02 +3.69536e-02
+7.17699e+03 +2.15792e-02 +1.25835e-02 +4.92530e-02 +3.54601e-02
+7.17712e+03 +2.13112e-02 +1.49162e-02 +5.29144e-02 +3.82040e-02
+7.17725e+03 +2.09788e-02 +1.81066e-02 +4.88389e-02 +4.35210e-02
+7.17738e+03 +2.10646e-02 +2.05077e-02 +4.27651e-02 +4.90863e-02
+7.17751e+03 +2.03387e-02 +1.96666e-02 +3.76351e-02 +5.50974e-02
+7.17764e+03 +2.02037e-02 +2.02322e-02 +3.35945e-02 +5.81493e-02
+7.17777e+03 +2.01078e-02 +1.72128e-02 +2.98544e-02 +6.06521e-02
+7.17790e+03 +1.96070e-02 +1.88161e-02 +2.88330e-02 +5.97415e-02
+7.17803e+03 +1.93177e-02 +1.69632e-02 +2.81891e-02 +5.70729e-02
+7.17816e+03 +1.89502e-02 +1.55135e-02 +2.83770e-02 +5.27664e-02
+7.17829e+03 +1.86312e-02 +1.56417e-02 +3.01343e-02 +4.70795e-02
+7.17842e+03 +1.84355e-02 +1.40806e-02 +3.46441e-02 +4.17101e-02
+7.17855e+03 +1.79871e-02 +1.42089e-02 +4.40329e-02 +3.78245e-02
+7.17868e+03 +1.79464e-02 +1.38140e-02 +5.73399e-02 +3.49510e-02
+7.17881e+03 +1.76004e-02 +1.46283e-02 +7.28327e-02 +3.20347e-02
+7.17894e+03 +1.73175e-02 +1.71230e-02 +8.65584e-02 +3.14680e-02
+7.17906e+03 +1.70167e-02 +2.12982e-02 +9.32268e-02 +2.89978e-02
+7.17919e+03 +1.66882e-02 +2.06546e-02 +9.31815e-02 +2.57389e-02
+7.17932e+03 +1.68912e-02 +2.57211e-02 +9.02897e-02 +2.94335e-02
+7.17945e+03 +1.63907e-02 +2.62863e-02 +7.95533e-02 +2.81296e-02
+7.17958e+03 +1.62004e-02 +2.57712e-02 +6.87661e-02 +3.05551e-02
+7.17971e+03 +1.59039e-02 +2.64478e-02 +6.26002e-02 +3.17031e-02
+7.17984e+03 +1.58534e-02 +2.46382e-02 +5.30656e-02 +3.39997e-02
+7.17997e+03 +1.57398e-02 +2.57949e-02 +4.87522e-02 +3.31416e-02
+7.18010e+03 +1.55186e-02 +2.37883e-02 +4.61021e-02 +3.65610e-02
+7.18023e+03 +1.49323e-02 +2.17132e-02 +4.87925e-02 +4.10690e-02
+7.18036e+03 +1.47322e-02 +2.17554e-02 +5.37200e-02 +4.61082e-02
+7.18049e+03 +1.40978e-02 +1.82919e-02 +6.21874e-02 +4.93213e-02
+7.18062e+03 +1.38742e-02 +1.35514e-02 +6.86228e-02 +4.97228e-02
+7.18075e+03 +1.39338e-02 +1.10311e-02 +7.34808e-02 +4.82044e-02
+7.18088e+03 +1.33881e-02 +9.35949e-03 +7.35217e-02 +4.07035e-02
+7.18101e+03 +1.30426e-02 +6.85658e-03 +6.96115e-02 +3.42315e-02
+7.18114e+03 +1.26988e-02 +8.13340e-03 +6.09962e-02 +2.55572e-02
+7.18127e+03 +1.24918e-02 +7.36186e-03 +4.97675e-02 +2.02258e-02
+7.18140e+03 +1.24966e-02 +9.11851e-03 +3.90879e-02 +1.92397e-02
+7.18152e+03 +1.20463e-02 +1.07380e-02 +3.09969e-02 +1.28718e-02
+7.18165e+03 +1.22418e-02 +1.46368e-02 +2.50231e-02 +1.35742e-02
+7.18178e+03 +1.18376e-02 +1.55448e-02 +2.16033e-02 +1.51077e-02
+7.18191e+03 +1.16541e-02 +1.87406e-02 +1.93490e-02 +1.95375e-02
+7.18204e+03 +1.13945e-02 +1.92456e-02 +2.17649e-02 +2.42584e-02
+7.18217e+03 +1.13944e-02 +1.84054e-02 +2.46947e-02 +3.03072e-02
+7.18230e+03 +1.10725e-02 +1.85163e-02 +2.79672e-02 +3.33910e-02
+7.18243e+03 +1.10517e-02 +1.59196e-02 +3.27988e-02 +3.68687e-02
+7.18256e+03 +1.08762e-02 +1.08213e-02 +3.74246e-02 +3.71847e-02
+7.18269e+03 +1.08039e-02 +1.22089e-02 +3.81004e-02 +3.73721e-02
+7.18282e+03 +1.04085e-02 +1.07692e-02 +3.84078e-02 +3.42354e-02
+7.18295e+03 +1.02807e-02 +9.84369e-03 +3.38232e-02 +2.95996e-02
+7.18308e+03 +1.02547e-02 +9.31227e-03 +3.07639e-02 +2.86307e-02
+7.18321e+03 +1.01348e-02 +9.62040e-03 +2.88783e-02 +2.47235e-02
+7.18334e+03 +9.94596e-03 +1.17275e-02 +2.64875e-02 +2.75583e-02
+7.18347e+03 +9.82727e-03 +9.95394e-03 +2.40625e-02 +3.28686e-02
+7.18360e+03 +9.51178e-03 +9.20842e-03 +2.63404e-02 +4.03029e-02
+7.18373e+03 +9.58166e-03 +1.12382e-02 +2.96888e-02 +4.59209e-02
+7.18386e+03 +9.45523e-03 +8.60831e-03 +2.92768e-02 +5.61553e-02
+7.18399e+03 +9.09850e-03 +1.06209e-02 +2.97043e-02 +6.10616e-02
+7.18411e+03 +9.06910e-03 +9.51571e-03 +2.96606e-02 +6.58734e-02
+7.18424e+03 +8.68888e-03 +8.63327e-03 +2.59940e-02 +7.10104e-02
+7.18437e+03 +8.68933e-03 +7.26270e-03 +2.47086e-02 +7.23958e-02
+7.18450e+03 +8.50573e-03 +8.53857e-03 +2.10424e-02 +7.10748e-02
+7.18463e+03 +8.25295e-03 +6.11470e-03 +1.96458e-02 +6.32367e-02
+7.18476e+03 +7.49949e-03 +7.03941e-03 +1.78983e-02 +5.49109e-02
+7.18489e+03 +7.05210e-03 +2.92016e-03 +1.52773e-02 +4.21753e-02
+7.18502e+03 +7.44294e-03 +5.71170e-03 +1.50371e-02 +3.34653e-02
+7.18515e+03 +7.21965e-03 +3.93043e-03 +1.75713e-02 +2.24009e-02
+7.18528e+03 +7.05398e-03 +3.53642e-03 +1.64576e-02 +1.72197e-02
+7.18541e+03 +7.07010e-03 +1.93513e-03 +1.84265e-02 +1.42908e-02
+7.18554e+03 +6.63920e-03 +3.69890e-03 +2.10204e-02 +1.14478e-02
+7.18567e+03 +6.77942e-03 +2.80834e-03 +2.27065e-02 +1.21324e-02
+7.18580e+03 +6.48824e-03 +2.89388e-03 +2.60620e-02 +1.08049e-02
+7.18593e+03 +6.36014e-03 +4.18658e-03 +2.60270e-02 +1.23543e-02
+7.18606e+03 +6.26241e-03 +3.77552e-03 +2.98274e-02 +1.52048e-02
+7.18619e+03 +6.09022e-03 +6.09544e-03 +2.81486e-02 +1.51787e-02
+7.18632e+03 +5.81791e-03 +5.88980e-03 +2.40129e-02 +2.09225e-02
+7.18645e+03 +5.92346e-03 +7.55036e-03 +2.14269e-02 +2.66403e-02
+7.18658e+03 +5.86374e-03 +9.50187e-03 +1.80707e-02 +2.88566e-02
+7.18670e+03 +5.64567e-03 +8.86815e-03 +1.42267e-02 +3.05677e-02
+7.18683e+03 +5.90165e-03 +6.69371e-03 +1.35244e-02 +3.16368e-02
+7.18696e+03 +5.66647e-03 +7.35259e-03 +1.07678e-02 +3.02492e-02
+7.18709e+03 +5.42663e-03 +6.39374e-03 +1.02882e-02 +2.60457e-02
+7.18722e+03 +5.16324e-03 +5.91424e-03 +1.01680e-02 +2.11749e-02
+7.18735e+03 +5.56564e-03 +4.32214e-03 +1.19907e-02 +2.02071e-02
+7.18748e+03 +5.69886e-03 +5.58866e-03 +1.11003e-02 +1.75448e-02
+7.18761e+03 +5.53842e-03 +3.74848e-03 +1.58754e-02 +1.65858e-02
+7.18774e+03 +5.38287e-03 +2.23362e-03 +1.31706e-02 +1.72699e-02
+7.18787e+03 +5.58564e-03 +5.40844e-03 +1.53011e-02 +1.83134e-02
+7.18800e+03 +5.29282e-03 +2.17358e-03 +1.66099e-02 +1.94852e-02
+7.18813e+03 +5.32070e-03 +2.52436e-03 +1.71057e-02 +2.08965e-02
+7.18826e+03 +5.36578e-03 +3.24306e-03 +1.58388e-02 +2.28640e-02
+7.18839e+03 +5.33854e-03 +3.75636e-03 +1.66769e-02 +1.94406e-02
+7.18852e+03 +5.12461e-03 +3.50811e-03 +1.43319e-02 +1.90122e-02
+7.18865e+03 +4.91835e-03 +3.02886e-03 +1.43913e-02 +1.46053e-02
+7.18878e+03 +4.95266e-03 +3.97846e-03 +1.05836e-02 +1.26113e-02
+7.18891e+03 +5.01762e-03 +3.57623e-03 +1.20633e-02 +1.10623e-02
+7.18904e+03 +4.76945e-03 +3.87555e-03 +1.22683e-02 +8.34997e-03
+7.18917e+03 +4.68070e-03 +3.67011e-03 +1.41928e-02 +8.10162e-03
+7.18930e+03 +4.61953e-03 +4.75645e-03 +1.38074e-02 +6.90370e-03
+7.18942e+03 +4.50379e-03 +1.89910e-03 +1.65615e-02 +6.99758e-03
+7.18955e+03 +4.60293e-03 +3.14796e-03 +2.04018e-02 +8.22062e-03
+7.18968e+03 +4.30937e-03 +2.60896e-03 +2.21206e-02 +7.16822e-03
+7.18981e+03 +4.44399e-03 +3.34450e-03 +2.38049e-02 +9.20378e-03
+7.18994e+03 +4.22913e-03 +3.55823e-03 +2.70545e-02 +8.60475e-03
+7.19007e+03 +4.11123e-03 +4.61015e-03 +2.59588e-02 +1.00158e-02
+7.19020e+03 +4.00845e-03 +2.80535e-03 +2.51712e-02 +1.06227e-02
+7.19033e+03 +4.24291e-03 +3.35263e-03 +2.57263e-02 +1.30770e-02
+7.19046e+03 +4.00944e-03 +9.15101e-04 +2.46821e-02 +1.26489e-02
+7.19059e+03 +3.90702e-03 +2.55707e-03 +2.13374e-02 +1.34524e-02
+7.19072e+03 +3.85708e-03 +2.44582e-03 +1.89166e-02 +1.56926e-02
+7.19085e+03 +3.98826e-03 +4.05343e-03 +1.90870e-02 +1.79924e-02
+7.19098e+03 +3.76267e-03 +2.59958e-03 +1.36222e-02 +1.72308e-02
