# threshold = 0.02
# E Abs
+7.05850e+03 -1.00000e+00 -1.00000e+00 -1.00000e+00
+7.05863e+03 -1.00000e+00 -1.00000e+00 -1.00000e+00
+7.05876e+03 -1.00000e+00 -1.00000e+00 -1.00000e+00
+7.05889e+03 -1.00000e+00 -1.00000e+00 -1.00000e+00
+7.05902e+03 -1.00000e+00 -1.00000e+00 -1.00000e+00
+7.05915e+03 -1.00000e+00 -1.00000e+00 -1.00000e+00
+7.05928e+03 -1.00000e+00 -1.00000e+00 -1.00000e+00
+7.05941e+03 -1.00000e+00 -1.00000e+00 -1.00000e+00
+7.05954e+03 -1.00000e+00 -1.00000e+00 -1.00000e+00
+7.05967e+03 -1.00000e+00 -1.00000e+00 -1.00000e+00
+7.05980e+03 -1.00000e+00 -1.00000e+00 -1.00000e+00
+7.05992e+03 -1.00000e+00 -1.00000e+00 -1.00000e+00
+7.06005e+03 -1.00000e+00 -1.00000e+00 -1.00000e+00
+7.06018e+03 -1.00000e+00 -1.00000e+00 -1.00000e+00
+7.06031e+03 -1.00000e+00 -1.00000e+00 -1.00000e+00
+7.06044e+03 -1.00000e+00 -1.00000e+00 -1.00000e+00
+7.06057e+03 -1.00000e+00 -1.00000e+00 -1.00000e+00
+7.06070e+03 -1.00000e+00 -1.00000e+00 -1.00000e+00
+7.06083e+03 -1.00000e+00 -1.00000e+00 -1.00000e+00
+7.06096e+03 -1.00000e+00 -1.00000e+00 -1.00000e+00
+7.06109e+03 -1.00000e+00 -1.00000e+00 -1.00000e+00
+7.06122e+03 -1.00000e+00 -1.00000e+00 -1.00000e+00
+7.06135e+03 -1.00000e+00 -1.00000e+00 -1.00000e+00
+7.06148e+03 -1.00000e+00 -1.00000e+00 -1.00000e+00
+7.06161e+03 -1.00000e+00 -1.00000e+00 -1.00000e+00
+7.06174e+03 -1.00000e+00 -1.00000e+00 -1.00000e+00
+7.06187e+03 -1.00000e+00 -1.00000e+00 -1.00000e+00
+7.06200e+03 -1.00000e+00 -1.00000e+00 -1.00000e+00
+7.06213e+03 -1.00000e+00 -1.00000e+00 -1.00000e+00
+7.06226e+03 -1.00000e+00 -1.00000e+00 -1.00000e+00
+7.06239e+03 -1.00000e+00 -1.00000e+00 -1.00000e+00
+7.06251e+03 -1.00000e+00 -1.00000e+00 -1.00000e+00
+7.06264e+03 -1.00000e+00 -1.00000e+00 -1.00000e+00
+7.06277e+03 -1.00000e+00 -1.00000e+00 -1.00000e+00
+7.06290e+03 -1.00000e+00 -1.00000e+00 -1.00000e+00
+7.06303e+03 -1.00000e+00 -1.00000e+00 -1.00000e+00
+7.06316e+03 -1.00000e+00 -1.00000e+00 -1.00000e+00
+7.06329e+03 -1.00000e+00 -1.00000e+00 -1.00000e+00
+7.06342e+03 -1.00000e+00 -1.00000e+00 -1.00000e+00
+7.06355e+03 -1.00000e+00 -1.00000e+00 -1.00000e+00
+7.06368e+03 -1.00000e+00 -1.00000e+00 -1.00000e+00
+7.06381e+03 -1.00000e+00 -1.00000e+00 -1.00000e+00
+7.06394e+03 -1.00000e+00 -1.00000e+00 -1.00000e+00
+7.06407e+03 -1.00000e+00 -1.00000e+00 -1.00000e+00
+7.06420e+03 -1.00000e+00 -1.00000e+00 -1.00000e+00
+7.06433e+03 -1.00000e+00 -1.00000e+00 -1.00000e+00
+7.06446e+03 -1.00000e+00 -1.00000e+00 -1.00000e+00
+7.06459e+03 -1.00000e+00 -1.00000e+00 -1.00000e+00
+7.06472e+03 -1.00000e+00 -1.00000e+00 -1.00000e+00
+7.06485e+03 -1.00000e+00 -1.00000e+00 -1.00000e+00
+7.06498e+03 -1.00000e+00 -1.00000e+00 -1.00000e+00
+7.06510e+03 -1.00000e+00 -1.00000e+00 -1.00000e+00
+7.06523e+03 -1.00000e+00 -1.00000e+00 -1.00000e+00
+7.06536e+03 -1.00000e+00 -1.00000e+00 -1.00000e+00
+7.06549e+03 -1.00000e+00 -1.00000e+00 -1.00000e+00
+7.06562e+03 -1.00000e+00 -1.00000e+00 -1.00000e+00
+7.06575e+03 -1.00000e+00 -1.00000e+00 -1.00000e+00
+7.06588e+03 -1.00000e+00 -1.00000e+00 -1.00000e+00
+7.06601e+03 -1.00000e+00 -1.00000e+00 -1.00000e+00
+7.06614e+03 -1.00000e+00 -1.00000e+00 -1.00000e+00
+7.06627e+03 -1.00000e+00 -1.00000e+00 -1.00000e+00
+7.06640e+03 -1.00000e+00 -1.00000e+00 -1.00000e+00
+7.06653e+03 -1.00000e+00 -1.00000e+00 -1.00000e+00
+7.06666e+03 -1.00000e+00 -1.00000e+00 -1.00000e+00
+7.06679e+03 -1.00000e+00 -1.00000e+00 -1.00000e+00
+7.06692e+03 -1.00000e+00 -1.00000e+00 -1.00000e+00
+7.06705e+03 -1.00000e+00 -1.00000e+00 -1.00000e+00
+7.06718e+03 -1.00000e+00 -1.00000e+00 -1.00000e+00
+7.06731e+03 -1.00000e+00 -1.00000e+00 -1.00000e+00
+7.06744e+03 -1.00000e+00 -1.00000e+00 -1.00000e+00
+7.06756e+03 -1.00000e+00 -1.00000e+00 -1.00000e+00
+7.06769e+03 -1.00000e+00 -1.00000e+00 -1.00000e+00
+7.06782e+03 -1.00000e+00 -1.00000e+00 -2.81069e-02
+7.06795e+03 -1.00000e+00 -1.00000e+00 +9.47907e-03
+7.06808e+03 -1.00000e+00 -1.00000e+00 -3.61018e-02
+7.06821e+03 -1.00000e+00 -1.00000e+00 +5.52617e-02
+7.06834e+03 -1.00000e+00 -1.00000e+00 +8.27600e-02
+7.06847e+03 -1.00000e+00 -1.00000e+00 -2.41628e-03
+7.06860e+03 -1.00000e+00 -1.00000e+00 -1.08252e-01
+7.06873e+03 -1.00000e+00 -1.00000e+00 -9.01261e-02
+7.06886e+03 -1.00000e+00 -1.00000e+00 -4.43649e-02
+7.06899e+03 -1.00000e+00 -1.00000e+00 -7.92946e-02
+7.06912e+03 -1.00000e+00 -1.00000e+00 +4.13562e-02
+7.06925e+03 -1.00000e+00 -1.00000e+00 -8.05538e-02
+7.06938e+03 -2.86641e-02 -1.00000e+00 +3.79797e-02
+7.06951e+03 +3.59268e-02 -1.00000e+00 +2.92454e-03
+7.06964e+03 -6.35947e-02 -1.00000e+00 -4.14459e-02
+7.06977e+03 +3.99020e-02 -1.00000e+00 -3.66285e-02
+7.06990e+03 -2.60289e-02 -1.00000e+00 -3.65925e-02
+7.07003e+03 -3.77875e-03 -1.00000e+00 -5.40974e-02
+7.07015e+03 -4.48230e-02 -1.00000e+00 +5.06643e-02
+7.07028e+03 -8.46605e-02 -1.00000e+00 +9.49972e-02
+7.07041e+03 -8.54852e-02 -1.00000e+00 +1.09568e-01
+7.07054e+03 -3.05647e-02 -1.00000e+00 +5.76381e-02
+7.07067e+03 -6.23397e-02 -1.00000e+00 +1.54583e-01
+7.07080e+03 -4.83850e-02 -1.00000e+00 +3.93428e-02
+7.07093e+03 -3.50050e-02 -1.00000e+00 +1.00060e-01
+7.07106e+03 +5.95968e-02 -1.00000e+00 -2.98537e-02
+7.07119e+03 -9.09071e-03 -1.00000e+00 +3.12654e-02
+7.07132e+03 -1.00000e+00 -1.00000e+00 -2.75449e-02
+7.07145e+03 -1.00000e+00 -1.00000e+00 -8.28225e-02
+7.07158e+03 -1.00000e+00 -1.00000e+00 -1.50342e-03
+7.07171e+03 -5.18183e-03 -1.00000e+00 -3.60810e-02
+7.07184e+03 -3.26781e-02 -1.00000e+00 -1.00000e+00
+7.07197e+03 -5.11107e-02 -1.00000e+00 -1.00000e+00
+7.07210e+03 -1.00000e+00 -1.00000e+00 -1.00000e+00
+7.07223e+03 -9.85373e-02 -1.00000e+00 +6.38388e-02
+7.07236e+03 -1.00000e+00 -1.00000e+00 +5.10763e-02
+7.07249e+03 -1.04202e-01 -1.00000e+00 -7.70008e-02
+7.07262e+03 -1.00000e+00 -1.00000e+00 +9.69194e-02
+7.07274e+03 -1.00000e+00 -1.00000e+00 +9.56328e-03
+7.07287e+03 -1.00000e+00 -1.00000e+00 +2.16969e-02
+7.07300e+03 -1.00000e+00 -1.00000e+00 +3.40353e-02
+7.07313e+03 -1.00000e+00 -1.00000e+00 -2.15535e-02
+7.07326e+03 -1.00000e+00 -1.00000e+00 -1.03835e-01
+7.07339e+03 -1.00000e+00 -1.00000e+00 -3.76983e-02
+7.07352e+03 -1.00000e+00 -1.00000e+00 -3.43267e-02
+7.07365e+03 -1.00000e+00 -1.00000e+00 +1.50301e-02
+7.07378e+03 -1.00000e+00 -1.00000e+00 -1.24735e-02
+7.07391e+03 -1.00000e+00 -1.00000e+00 -6.71709e-03
+7.07404e+03 -1.00000e+00 -1.00000e+00 +5.83269e-03
+7.07417e+03 -1.00000e+00 -8.27490e-02 +1.11070e-02
+7.07430e+03 -1.00000e+00 -1.00000e+00 +5.89507e-03
+7.07443e+03 -1.00000e+00 -8.91787e-02 -1.86566e-02
+7.07456e+03 -1.00000e+00 -1.00000e+00 +8.03294e-02
+7.07469e+03 -1.00000e+00 -1.06293e-01 -1.32400e-03
+7.07482e+03 -1.00000e+00 -1.06398e-01 +4.47451e-02
+7.07495e+03 -1.00000e+00 -5.20249e-02 +2.07827e-02
+7.07508e+03 -1.00000e+00 -1.09332e-01 +3.14865e-02
+7.07521e+03 -1.00000e+00 -5.57596e-02 +2.09968e-03
+7.07534e+03 -2.53642e-02 -9.18744e-02 +1.17350e-02
+7.07546e+03 -6.20871e-02 -7.31734e-02 +9.60550e-03
+7.07559e+03 +1.96059e-02 +2.01334e-02 -4.30530e-03
+7.07572e+03 +9.84831e-03 -6.70936e-02 -1.80298e-03
+7.07585e+03 +1.12094e-02 -1.00000e+00 -9.10225e-03
+7.07598e+03 +2.14514e-02 +2.65655e-02 +2.40365e-02
+7.07611e+03 -3.89838e-03 -6.91745e-02 +1.00387e-02
+7.07624e+03 +4.13678e-02 -1.00000e+00 +5.14040e-03
+7.07637e+03 +3.94934e-02 -8.60953e-02 -8.39612e-03
+7.07650e+03 +5.20131e-02 -1.00000e+00 -1.51056e-02
+7.07663e+03 +2.38938e-03 -1.00000e+00 +2.31174e-02
+7.07676e+03 -2.50817e-02 -9.23153e-02 +2.64057e-02
+7.07689e+03 -3.60494e-02 -7.13452e-02 +3.74442e-02
+7.07702e+03 -1.55511e-02 -7.52788e-02 +3.74377e-02
+7.07715e+03 -2.51108e-02 -4.21841e-02 +2.65703e-02
+7.07728e+03 -2.29597e-02 -7.45033e-02 +2.02163e-02
+7.07741e+03 -3.21090e-02 +2.54787e-02 -3.54098e-03
+7.07754e+03 -7.10918e-03 +9.02696e-05 -1.75876e-02
+7.07767e+03 -3.18099e-02 +2.17895e-02 +8.68077e-03
+7.07780e+03 -3.03993e-02 -3.25468e-02 -7.22759e-02
+7.07793e+03 -8.41875e-03 -2.24210e-02 -4.54915e-02
+7.07805e+03 +2.44636e-02 +9.22035e-04 -3.66909e-02
+7.07818e+03 +3.27523e-02 +9.49263e-03 +1.44068e-02
+7.07831e+03 +3.80192e-02 -2.62244e-02 -2.75386e-02
+7.07844e+03 +1.86962e-02 -2.61860e-02 +1.33017e-02
+7.07857e+03 +5.03292e-02 -3.94954e-02 +4.75070e-02
+7.07870e+03 +8.18090e-03 -8.29476e-03 +4.89939e-02
+7.07883e+03 +2.01823e-02 +1.24217e-02 +3.78547e-02
+7.07896e+03 +9.15462e-03 +7.33185e-03 -8.08555e-03
+7.07909e+03 +2.68769e-02 -7.22858e-03 +3.60638e-03
+7.07922e+03 +3.44442e-02 -2.19191e-02 +1.66137e-02
+7.07935e+03 +1.94750e-02 +1.53776e-02 +2.64986e-02
+7.07948e+03 +1.16733e-02 +1.08529e-02 +1.40256e-02
+7.07961e+03 +1.33429e-02 +3.03062e-02 +2.13347e-02
+7.07974e+03 +6.53499e-03 +3.26010e-02 +1.05059e-02
+7.07987e+03 +4.53263e-02 +3.55464e-02 +1.02660e-02
+7.08000e+03 +3.49793e-02 +3.61329e-02 +1.21406e-02
+7.08013e+03 +2.49490e-02 +3.85678e-02 -2.69263e-03
+7.08026e+03 +2.29479e-02 +3.11847e-02 -1.39962e-02
+7.08039e+03 +1.16991e-02 +3.41722e-02 -9.34258e-03
+7.08052e+03 +1.57132e-03 +3.63937e-02 -4.57592e-02
+7.08064e+03 +2.01248e-03 +2.95999e-02 -3.10642e-02
+7.08077e+03 -2.02435e-02 +2.16518e-02 -5.27723e-02
+7.08090e+03 -9.19562e-04 +1.88133e-02 +7.36951e-03
+7.08103e+03 +2.28036e-02 +1.88408e-02 +3.86175e-02
+7.08116e+03 +2.93310e-02 +1.91760e-02 +2.41998e-02
+7.08129e+03 +3.39028e-02 +2.11128e-02 +8.31321e-03
+7.08142e+03 +4.63187e-02 +1.40616e-02 +6.43590e-03
+7.08155e+03 +2.44147e-02 +1.17330e-02 +3.45930e-02
+7.08168e+03 +2.08329e-02 +3.83929e-03 +4.47948e-02
+7.08181e+03 +8.22660e-03 -1.77620e-03 +4.11754e-02
+7.08194e+03 +1.73296e-02 +4.63148e-03 +4.08179e-02
+7.08207e+03 +3.44108e-02 +1.70286e-02 +3.47137e-02
+7.08220e+03 +6.29735e-03 +2.73256e-02 +2.29863e-02
+7.08233e+03 +2.10023e-03 -5.69852e-03 +2.85206e-02
+7.08246e+03 +4.53981e-03 +2.69221e-02 +2.19639e-02
+7.08259e+03 +6.43939e-03 +3.81618e-02 +3.37388e-02
+7.08272e+03 +3.32626e-02 +3.18540e-02 +2.85426e-02
+7.08285e+03 +5.37828e-02 +3.61748e-02 +2.47110e-02
+7.08298e+03 +4.90017e-02 +2.14514e-02 +2.01908e-02
+7.08310e+03 +6.45306e-02 +2.15617e-02 +2.38280e-02
+7.08323e+03 +2.35737e-02 +2.66581e-02 +2.45763e-02
+7.08336e+03 +4.64324e-02 +3.48266e-02 +3.20289e-02
+7.08349e+03 +3.10259e-02 +3.96965e-02 +3.64137e-02
+7.08362e+03 +8.52713e-03 +3.05124e-02 +4.87065e-02
+7.08375e+03 +3.47318e-03 +1.98373e-02 +4.58285e-02
+7.08388e+03 -6.80881e-03 +1.48466e-02 +3.81786e-02
+7.08401e+03 +1.99224e-02 +1.95231e-02 +2.68963e-02
+7.08414e+03 +4.04710e-02 +3.20919e-02 +1.79476e-02
+7.08427e+03 +5.23115e-02 +4.58381e-02 +2.14897e-02
+7.08440e+03 +4.29647e-02 +3.79181e-02 +1.37850e-02
+7.08453e+03 +2.68427e-02 +2.55007e-02 +2.37045e-02
+7.08466e+03 +2.15663e-02 +1.25023e-02 +2.29641e-02
+7.08479e+03 +1.50369e-02 +2.51382e-02 +2.19213e-02
+7.08492e+03 +1.63529e-02 +2.85822e-02 +2.33026e-02
+7.08505e+03 +5.62854e-03 +1.98277e-02 +2.56236e-02
+7.08518e+03 +5.11008e-03 +1.36989e-03 +1.60185e-02
+7.08531e+03 -2.54255e-02 -2.76654e-02 +8.90939e-03
+7.08544e+03 -3.26160e-02 -2.84543e-02 -6.66111e-03
+7.08557e+03 -6.03391e-02 -2.51708e-02 -4.29494e-03
+7.08569e+03 -3.15324e-03 -2.58850e-02 -3.45064e-03
+7.08582e+03 +2.48875e-02 -2.41096e-02 +1.07497e-02
+7.08595e+03 +3.31499e-03 -7.46616e-03 +2.61732e-02
+7.08608e+03 +2.14782e-02 +1.87617e-02 +4.26049e-02
+7.08621e+03 +2.56290e-02 +4.87941e-03 +3.50122e-02
+7.08634e+03 +3.20320e-02 +2.00845e-02 +3.25525e-02
+7.08647e+03 +3.94206e-02 +1.19172e-02 +2.20219e-02
+7.08660e+03 -7.29436e-04 +2.37823e-02 +1.98335e-02
+7.08673e+03 +2.39265e-02 +2.50811e-02 +1.00618e-02
+7.08686e+03 +4.17036e-02 +1.26571e-02 -8.58863e-03
+7.08699e+03 +2.32126e-02 +7.80342e-03 -1.26432e-02
+7.08712e+03 +3.59306e-02 -5.44923e-03 -3.58148e-02
+7.08725e+03 +4.03570e-02 -9.75823e-03 -1.11983e-02
+7.08738e+03 +3.11507e-02 -1.08950e-02 +3.07513e-02
+7.08751e+03 +3.14452e-02 +4.78511e-03 -2.33376e-04
+7.08764e+03 +2.32976e-02 +2.94934e-02 +6.62914e-03
+7.08777e+03 +1.64782e-02 +3.83836e-02 +2.37619e-02
+7.08790e+03 +2.23159e-02 +3.04525e-02 -7.35599e-03
+7.08803e+03 +1.29381e-02 +3.81365e-02 -4.71342e-02
+7.08816e+03 -1.94576e-03 +2.80967e-02 -3.06664e-02
+7.08828e+03 +1.51242e-02 +1.51309e-02 -1.25229e-02
+7.08841e+03 +1.90467e-02 +3.91312e-03 +9.03579e-04
+7.08854e+03 +3.74491e-02 +6.61115e-03 +2.29718e-03
+7.08867e+03 +4.72306e-02 +4.61147e-03 +2.64479e-03
+7.08880e+03 +5.07732e-02 +1.01982e-02 -5.58589e-03
+7.08893e+03 +4.02454e-02 +8.98628e-03 -1.88879e-02
+7.08906e+03 +4.01226e-02 -1.17722e-02 -3.05164e-02
+7.08919e+03 +3.07234e-02 -4.53459e-03 -2.49371e-02
+7.08932e+03 +3.04144e-02 -2.47903e-02 -4.27413e-02
+7.08945e+03 +3.31804e-02 -3.34661e-02 +6.74466e-04
+7.08958e+03 +2.74903e-02 -3.57008e-03 -1.22561e-02
+7.08971e+03 +3.40090e-02 +9.65688e-03 -4.54374e-03
+7.08984e+03 +4.54408e-02 -1.58762e-02 -3.27810e-02
+7.08997e+03 +4.72064e-02 -5.91797e-03 -8.65126e-03
+7.09010e+03 +4.37229e-02 +2.55186e-03 -6.57059e-03
+7.09023e+03 +3.67606e-02 -9.54644e-03 +2.18814e-02
+7.09036e+03 +2.87712e-02 -4.92819e-03 +1.37522e-02
+7.09049e+03 +1.52041e-02 +1.90965e-02 +3.75131e-02
+7.09062e+03 +1.50844e-02 +9.90901e-03 +2.58731e-02
+7.09075e+03 +6.18807e-03 +4.85092e-03 +2.27185e-02
+7.09088e+03 -2.10017e-02 +8.64277e-03 +2.02230e-02
+7.09100e+03 -3.71715e-02 +1.92104e-03 +2.10645e-03
+7.09113e+03 -3.89640e-02 -5.80473e-04 -1.74627e-02
+7.09126e+03 -2.79011e-02 +1.20250e-02 -1.52570e-02
+7.09139e+03 -4.53284e-03 -5.75922e-03 +1.12360e-02
+7.09152e+03 +1.11814e-02 -1.84529e-03 -3.69869e-02
+7.09165e+03 +1.70779e-02 -9.80282e-03 -3.27197e-03
+7.09178e+03 +3.56720e-02 -1.37293e-02 +4.87608e-03
+7.09191e+03 +1.85828e-02 -4.40104e-03 +9.50565e-03
+7.09204e+03 +1.10214e-02 +5.88716e-03 -7.44852e-03
+7.09217e+03 +2.59890e-02 -4.50690e-03 +1.29979e-03
+7.09230e+03 -2.01187e-02 -7.48057e-03 -1.59726e-02
+7.09243e+03 -3.09172e-02 -1.10771e-02 -7.02717e-03
+7.09256e+03 -1.57296e-03 +6.45644e-03 -2.67974e-02
+7.09269e+03 +2.10238e-02 +3.01937e-02 +3.07130e-03
+7.09282e+03 -6.10371e-03 +5.01751e-02 +3.59200e-02
+7.09295e+03 +2.04775e-02 +6.39878e-02 +1.33638e-02
+7.09308e+03 +3.84464e-02 +5.00084e-02 +3.41718e-02
+7.09321e+03 +2.82691e-02 +3.94416e-02 +1.80636e-02
+7.09334e+03 +2.56681e-02 +2.93175e-02 +5.68605e-02
+7.09347e+03 +4.06967e-02 +2.63541e-02 +4.46710e-02
+7.09359e+03 +2.94333e-02 +3.14456e-02 +5.44443e-02
+7.09372e+03 +2.46081e-02 +2.20582e-02 +4.43853e-02
+7.09385e+03 +1.21774e-02 +1.14254e-02 +3.65848e-02
+7.09398e+03 +2.04577e-02 -1.61016e-03 +3.03378e-02
+7.09411e+03 +2.30321e-02 +6.49389e-03 +3.56764e-02
+7.09424e+03 +2.95576e-02 +1.39041e-02 +2.39608e-02
+7.09437e+03 +2.45629e-02 +1.80440e-02 +1.72718e-02
+7.09450e+03 +3.61995e-02 +1.66452e-02 +4.71258e-03
+7.09463e+03 +3.96554e-02 +3.70090e-02 +2.21653e-02
+7.09476e+03 +3.18373e-02 +4.65583e-02 +4.32819e-02
+7.09489e+03 +2.97640e-02 +4.38162e-02 +3.92422e-02
+7.09502e+03 +3.54314e-02 +2.26485e-02 +3.80536e-02
+7.09515e+03 +1.27336e-02 +8.56623e-03 +2.88713e-02
+7.09528e+03 +3.30679e-02 +2.00629e-03 +2.57830e-02
+7.09541e+03 +3.55341e-02 -1.44194e-03 +2.31582e-02
+7.09554e+03 +4.92301e-02 +3.03737e-02 +2.33305e-02
+7.09567e+03 +5.36861e-02 +1.00785e-02 +6.40232e-03
+7.09580e+03 +6.21603e-02 +7.10175e-03 +1.92354e-02
+7.09593e+03 +4.48207e-02 +1.32148e-02 +3.08678e-02
+7.09606e+03 +4.43062e-02 +1.28272e-02 +3.77686e-02
+7.09618e+03 +5.08563e-02 +3.75370e-02 +5.92297e-03
+7.09631e+03 +4.10387e-02 +5.30074e-02 +2.38508e-02
+7.09644e+03 +3.12973e-02 +4.43629e-02 +3.39712e-02
+7.09657e+03 +4.96890e-02 +5.61961e-02 +1.89184e-02
+7.09670e+03 +3.59095e-02 +5.05331e-02 -1.56736e-02
+7.09683e+03 +3.68852e-02 +3.52041e-02 +9.27580e-03
+7.09696e+03 +2.15198e-02 +7.66523e-03 +2.64837e-02
+7.09709e+03 +5.99817e-03 +1.70677e-02 +1.71223e-02
+7.09722e+03 +9.00790e-03 +1.51293e-02 +1.85062e-02
+7.09735e+03 -2.97119e-02 -1.93497e-03 +2.37355e-02
+7.09748e+03 -6.44384e-03 -1.98477e-03 +4.08881e-02
+7.09761e+03 -2.02800e-03 -1.72489e-02 +2.93374e-02
+7.09774e+03 +1.82442e-03 -3.65338e-02 +1.65066e-02
+7.09787e+03 +5.88118e-03 -4.82859e-02 +5.53314e-03
+7.09800e+03 -9.03882e-03 -6.16583e-02 -3.42740e-03
+7.09813e+03 -2.36103e-03 -7.58160e-02 +1.38520e-03
+7.09826e+03 +1.88086e-02 -8.36078e-02 -8.04027e-03
+7.09839e+03 -6.18869e-04 -6.86106e-02 -4.34079e-03
+7.09852e+03 +6.46964e-04 -7.00392e-02 +7.34840e-03
+7.09865e+03 +2.38546e-02 -4.70880e-02 +1.78267e-02
+7.09877e+03 +4.26197e-02 -1.85546e-02 +1.50626e-02
+7.09890e+03 +4.90926e-02 +6.09020e-04 +1.01814e-02
+7.09903e+03 +4.43270e-02 +8.73137e-03 +1.23697e-02
+7.09916e+03 +6.07206e-02 +1.77870e-02 +2.05035e-02
+7.09929e+03 +6.21602e-02 +3.47630e-02 +3.57299e-02
+7.09942e+03 +6.47701e-02 +5.43364e-02 +4.07741e-02
+7.09955e+03 +7.35754e-02 +7.52043e-02 +4.12401e-02
+7.09968e+03 +6.44907e-02 +6.18954e-02 +2.74561e-02
+7.09981e+03 +8.39091e-02 +5.51688e-02 +3.55898e-02
+7.09994e+03 +7.24152e-02 +7.88727e-02 +3.19013e-02
+7.10007e+03 +7.89874e-02 +6.38054e-02 +2.90122e-02
+7.10020e+03 +6.50381e-02 +7.82529e-02 +3.32449e-02
+7.10033e+03 +1.64417e-02 +4.98166e-02 +2.92341e-02
+7.10046e+03 +2.83763e-02 +5.15905e-02 +3.77246e-02
+7.10059e+03 +1.78454e-02 +3.10322e-02 +4.75279e-02
+7.10072e+03 +1.30198e-02 +3.35218e-02 +3.63449e-02
+7.10085e+03 +1.59010e-02 +2.80990e-02 +3.03952e-02
+7.10098e+03 +4.42276e-02 +3.69684e-02 +3.99712e-02
+7.10111e+03 +4.97225e-02 +3.40028e-02 +3.72280e-02
+7.10123e+03 +2.90136e-02 +2.20378e-02 +3.19276e-02
+7.10136e+03 +5.45251e-02 +2.85453e-02 +1.88796e-02
+7.10149e+03 +5.05618e-02 +2.81985e-02 +2.61021e-02
+7.10162e+03 +4.99521e-02 +1.07888e-02 +3.39496e-02
+7.10175e+03 +4.94845e-02 +9.52424e-03 +4.82206e-02
+7.10188e+03 +5.30686e-02 +1.22912e-02 +3.40440e-02
+7.10201e+03 +3.99020e-02 +2.89981e-02 +3.86926e-02
+7.10214e+03 +6.83467e-02 +1.08481e-02 +4.18969e-02
+7.10227e+03 +5.24733e-02 +9.81001e-03 +3.76317e-02
+7.10240e+03 +4.94354e-02 +4.33618e-02 +3.59947e-02
+7.10253e+03 +2.67039e-02 +4.77039e-02 +4.54507e-02
+7.10266e+03 +2.75238e-02 +4.47129e-02 +5.01966e-02
+7.10279e+03 +5.15908e-02 +2.70830e-02 +4.43738e-02
+7.10292e+03 +4.65431e-02 +3.49488e-02 +4.80829e-02
+7.10305e+03 +4.42699e-02 +3.25149e-02 +4.69369e-02
+7.10318e+03 +4.90384e-02 +2.72841e-02 +3.70589e-02
+7.10331e+03 +3.21254e-02 +3.76036e-02 +2.03276e-02
+7.10344e+03 +3.25673e-02 +2.13003e-02 +1.93465e-02
+7.10357e+03 +3.33412e-02 +2.51176e-02 +9.59834e-03
+7.10370e+03 +3.44433e-02 +2.20435e-02 +3.07232e-03
+7.10382e+03 +3.36019e-02 +2.42085e-02 -9.19984e-04
+7.10395e+03 +4.29531e-02 +1.51062e-02 +8.15579e-03
+7.10408e+03 +3.63580e-02 +6.60058e-03 +2.29939e-02
+7.10421e+03 +3.62657e-02 +1.24241e-02 +1.12580e-02
+7.10434e+03 +2.76689e-02 +1.50208e-02 +1.80126e-02
+7.10447e+03 +2.34021e-02 +7.21943e-03 +2.96540e-02
+7.10460e+03 +1.89638e-02 -1.92238e-02 +2.41461e-02
+7.10473e+03 +1.27209e-02 -2.41413e-02 +3.33573e-02
+7.10486e+03 +1.85049e-02 -8.32994e-03 +2.45564e-02
+7.10499e+03 +1.63505e-02 -1.50767e-02 +1.94170e-02
+7.10512e+03 +1.54022e-02 -1.25571e-03 +2.18654e-02
+7.10525e+03 +2.97092e-02 +3.29275e-03 +2.66901e-02
+7.10538e+03 +9.70018e-03 +1.08972e-02 +1.16966e-02
+7.10551e+03 +2.48805e-02 +1.08900e-02 +7.31137e-03
+7.10564e+03 +3.42320e-02 +2.49633e-02 +2.00754e-02
+7.10577e+03 +2.69978e-02 +2.45817e-02 +2.30410e-02
+7.10590e+03 +1.67231e-02 +2.40779e-02 +3.14330e-02
+7.10603e+03 +1.90150e-02 +3.33237e-02 +1.82960e-02
+7.10616e+03 +2.97435e-02 +3.01225e-02 +1.58298e-02
+7.10629e+03 +2.50174e-02 +2.71794e-02 +1.41498e-02
+7.10641e+03 +3.66946e-02 +2.74474e-02 +2.18252e-02
+7.10654e+03 +3.01849e-02 +1.74487e-02 +2.69428e-02
+7.10667e+03 +3.88201e-02 +1.70896e-02 +3.57848e-02
+7.10680e+03 +4.18918e-02 +2.48344e-02 +5.33959e-02
+7.10693e+03 +4.28978e-02 +1.91005e-02 +3.23122e-02
+7.10706e+03 +4.02764e-02 +2.02637e-02 +2.36251e-02
+7.10719e+03 +3.86071e-02 +9.03694e-03 +6.26663e-03
+7.10732e+03 +3.69600e-02 -2.32448e-03 -3.20434e-03
+7.10745e+03 +3.26609e-02 -2.82043e-03 -1.62837e-02
+7.10758e+03 +3.07054e-02 +6.72921e-03 -1.86512e-02
+7.10771e+03 +2.97399e-02 +1.45514e-03 +1.33145e-02
+7.10784e+03 +2.75108e-02 -1.02961e-02 +2.17703e-02
+7.10797e+03 +3.53023e-02 -1.71246e-02 +1.33771e-02
+7.10810e+03 +3.32375e-02 -2.54512e-02 +1.05400e-02
+7.10823e+03 +3.90797e-02 -5.76915e-03 +1.01633e-02
+7.10836e+03 +3.44556e-02 -1.31638e-02 +1.35330e-02
+7.10849e+03 +2.37317e-02 +1.03984e-02 +2.91623e-02
+7.10862e+03 +1.64928e-02 +2.33720e-02 +3.29647e-02
+7.10875e+03 +1.10755e-02 +1.39815e-02 +3.99280e-02
+7.10888e+03 +1.37404e-02 +2.82779e-02 +4.05100e-02
+7.10901e+03 +2.83089e-02 +1.85245e-02 +2.89883e-02
+7.10913e+03 +3.56556e-02 +8.56021e-03 +2.40024e-02
+7.10926e+03 +4.12691e-02 -2.57760e-03 +8.34318e-03
+7.10939e+03 +2.98973e-02 -8.83032e-04 +3.90004e-03
+7.10952e+03 +2.14742e-02 +1.01236e-02 +2.80489e-03
+7.10965e+03 +1.42173e-02 +1.82981e-02 +2.38364e-02
+7.10978e+03 +1.51306e-02 +2.94796e-02 +2.48944e-02
+7.10991e+03 +1.71364e-02 +3.35086e-02 +2.65669e-02
+7.11004e+03 +1.67923e-02 +2.18389e-02 +1.54305e-02
+7.11017e+03 +2.56294e-02 +7.22712e-03 -2.27898e-03
+7.11030e+03 +2.44083e-02 +5.94269e-03 -5.61458e-03
+7.11043e+03 +2.40709e-02 +1.12587e-03 -5.61280e-03
+7.11056e+03 +3.15919e-02 +9.14389e-03 -1.17043e-02
+7.11069e+03 +2.22514e-02 +1.67025e-02 +6.77931e-03
+7.11082e+03 +2.82280e-02 +2.63632e-02 +1.70660e-02
+7.11095e+03 +2.66499e-02 +2.33670e-02 +3.10277e-02
+7.11108e+03 +2.12871e-02 +1.32329e-02 +2.47801e-02
+7.11121e+03 +1.84224e-02 +1.79050e-02 +1.23378e-02
+7.11134e+03 +2.63349e-03 +1.26639e-02 +1.38993e-03
+7.11147e+03 +1.78809e-03 +2.00059e-02 -1.02622e-02
+7.11160e+03 -5.97772e-03 +2.34886e-02 -6.70801e-04
+7.11172e+03 -2.28903e-02 +1.35115e-02 +8.76913e-03
+7.11185e+03 -2.76833e-02 +6.96491e-03 +1.53438e-02
+7.11198e+03 +1.30816e-02 -2.59101e-03 +2.79524e-02
+7.11211e+03 +1.54446e-03 -3.66333e-03 +2.01592e-02
+7.11224e+03 +4.04750e-02 +5.21316e-03 +2.09337e-02
+7.11237e+03 +3.18495e-02 +1.41397e-02 +3.27482e-02
+7.11250e+03 +1.12966e-02 +1.52146e-02 +1.66754e-02
+7.11263e+03 -1.44514e-02 +9.96065e-03 +1.61463e-02
+7.11276e+03 +5.04189e-03 -5.59004e-03 +8.48556e-03
+7.11289e+03 -5.50400e-03 -1.11939e-02 +1.74953e-02
+7.11302e+03 -8.95206e-03 -1.51602e-02 +1.94382e-02
+7.11315e+03 +5.63003e-03 -1.36045e-02 +1.12287e-02
+7.11328e+03 +1.13013e-03 -1.75796e-03 +9.78720e-03
+7.11341e+03 -6.02594e-03 +9.00748e-03 +1.11099e-02
+7.11354e+03 -1.42091e-02 +1.17426e-02 -2.71267e-03
+7.11367e+03 +1.58847e-02 +1.45749e-02 -3.76226e-03
+7.11380e+03 +2.76004e-02 +2.45333e-02 -1.06049e-02
+7.11393e+03 +1.52223e-02 +2.01486e-02 -1.00318e-02
+7.11406e+03 +1.51722e-02 +2.12819e-02 -2.83289e-03
+7.11419e+03 +2.60377e-02 +1.95115e-02 +1.35737e-02
+7.11431e+03 +2.47958e-02 +2.67678e-03 +3.03845e-02
+7.11444e+03 +3.07132e-02 +2.45706e-03 +2.91006e-02
+7.11457e+03 +2.16710e-02 -4.52985e-04 +2.90445e-02
+7.11470e+03 +1.02436e-02 +9.45159e-03 +1.90186e-02
+7.11483e+03 +9.78800e-03 +1.97855e-02 +2.43969e-03
+7.11496e+03 +3.88116e-03 +1.93342e-02 -3.47279e-03
+7.11509e+03 +1.16484e-02 +1.27677e-02 -6.90058e-03
+7.11522e+03 +2.38610e-02 +2.34369e-02 +2.53301e-04
+7.11535e+03 +2.62232e-02 +1.96678e-02 +7.31978e-03
+7.11548e+03 +2.41359e-02 +1.62457e-02 +1.01568e-02
+7.11561e+03 +2.00690e-02 +6.55744e-03 +1.30854e-02
+7.11574e+03 +6.64280e-03 +2.65532e-03 +3.11250e-03
+7.11587e+03 -2.20660e-03 -1.31069e-03 +3.04412e-03
+7.11600e+03 -3.43775e-03 +7.68887e-03 +6.36687e-03
+7.11613e+03 -9.76285e-03 +1.33742e-02 +1.17385e-02
+7.11626e+03 -1.56349e-02 +1.95685e-02 +2.08909e-02
+7.11639e+03 +3.14400e-03 +2.41140e-02 +2.44443e-02
+7.11652e+03 +2.28220e-02 +1.43160e-02 +1.84373e-02
+7.11665e+03 +1.55589e-02 +3.76479e-03 -4.61204e-03
+7.11677e+03 +1.92092e-02 -1.78586e-02 -9.75457e-03
+7.11690e+03 +1.48863e-03 -2.98531e-02 -1.90703e-02
+7.11703e+03 -1.93268e-02 -2.83314e-02 -2.27014e-02
+7.11716e+03 -4.08202e-02 -1.66114e-02 -2.45652e-02
+7.11729e+03 -5.53753e-02 -2.30297e-02 -3.20317e-02
+7.11742e+03 -6.30337e-02 +1.21091e-02 -1.41458e-02
+7.11755e+03 -5.45505e-02 +3.44262e-02 -2.57317e-02
+7.11768e+03 -3.87695e-02 +3.75285e-02 -2.52365e-02
+7.11781e+03 -6.44133e-03 +4.73900e-02 -3.65128e-02
+7.11794e+03 +1.38000e-02 +3.57639e-02 -3.80425e-02
+7.11807e+03 +1.87097e-02 +2.60600e-02 -3.98331e-02
+7.11820e+03 +2.38254e-02 +1.49392e-02 -1.71170e-02
+7.11833e+03 +2.50827e-02 +1.00457e-02 -1.10418e-02
+7.11846e+03 +2.02658e-02 +9.29248e-03 +1.38400e-02
+7.11859e+03 +1.85696e-02 +9.35606e-03 +2.25460e-02
+7.11872e+03 +1.65225e-02 +5.45170e-03 +1.69098e-02
+7.11885e+03 +1.95759e-02 -3.72912e-03 +9.20437e-03
+7.11898e+03 +2.16719e-02 -5.77494e-03 -3.75175e-03
+7.11911e+03 +2.71758e-02 +2.20496e-03 -1.33410e-02
+7.11924e+03 +1.66037e-02 +9.77921e-03 -1.10921e-04
+7.11936e+03 -1.51661e-03 +8.88670e-03 -1.65100e-03
+7.11949e+03 -7.18073e-03 -4.35351e-03 +5.96016e-03
+7.11962e+03 -1.29353e-02 -1.23576e-02 +2.80138e-02
+7.11975e+03 -1.58203e-02 -1.37054e-02 +2.58150e-02
+7.11988e+03 -1.78328e-02 -1.56608e-02 +1.22188e-02
+7.12001e+03 -1.25011e-02 -4.61311e-03 +6.76654e-03
+7.12014e+03 -1.17184e-03 -1.52490e-02 -9.55446e-03
+7.12027e+03 +1.19519e-03 -7.79461e-03 -2.03182e-02
+7.12040e+03 +8.51478e-03 -9.48893e-03 -4.89991e-02
+7.12053e+03 +7.79866e-03 -5.54422e-03 -2.39494e-02
+7.12066e+03 +2.63029e-02 -7.44817e-03 +9.70302e-03
+7.12079e+03 +2.41132e-02 +1.44103e-02 -4.14885e-04
+7.12092e+03 +1.04594e-02 +2.62794e-02 -1.85604e-02
+7.12105e+03 +4.00049e-04 +1.99716e-02 -8.30924e-03
+7.12118e+03 -5.54066e-03 +2.65507e-02 -3.55512e-04
+7.12131e+03 -2.71245e-02 +1.36609e-02 +4.10921e-02
+7.12144e+03 -1.54965e-02 +1.77644e-03 +2.22212e-02
+7.12157e+03 -1.46380e-02 -7.88451e-03 +3.19710e-02
+7.12170e+03 -7.68635e-03 -1.02221e-02 +2.40465e-02
+7.12183e+03 +4.30177e-03 -5.12144e-03 +8.53682e-03
+7.12195e+03 -6.68409e-03 -2.26036e-03 -1.75004e-02
+7.12208e+03 +2.61446e-02 +2.68977e-03 -2.39915e-02
+7.12221e+03 +2.55489e-02 +2.80040e-03 -1.51072e-02
+7.12234e+03 +2.29299e-02 -7.71597e-03 +1.92820e-03
+7.12247e+03 +3.51932e-02 -9.48277e-03 -7.07570e-03
+7.12260e+03 +6.85725e-02 -2.82686e-03 +1.47149e-03
+7.12273e+03 +2.55086e-02 -4.63905e-03 +4.37580e-03
+7.12286e+03 +2.32721e-02 -3.51558e-03 +1.38565e-04
+7.12299e+03 +1.47599e-02 -1.77322e-02 +1.82259e-04
+7.12312e+03 -9.32988e-03 -4.82548e-03 +4.13421e-04
+7.12325e+03 -3.11097e-03 -3.40182e-03 -2.44611e-03
+7.12338e+03 -7.31402e-03 -5.47019e-03 +1.62137e-03
+7.12351e+03 -1.07520e-02 +1.42286e-02 -3.19855e-03
+7.12364e+03 -1.42093e-02 +3.53147e-02 -1.94143e-04
+7.12377e+03 +5.98067e-03 +3.33682e-02 -3.85141e-03
+7.12390e+03 +1.37837e-02 +2.97842e-02 +9.40481e-03
+7.12403e+03 +1.42843e-02 +1.56463e-02 +9.13937e-03
+7.12416e+03 +1.65863e-02 +7.21355e-03 +1.39320e-02
+7.12429e+03 +2.05346e-02 -1.04708e-02 +2.18530e-02
+7.12442e+03 -5.21514e-03 -1.28614e-02 +3.45032e-02
+7.12455e+03 -2.50817e-02 -2.06127e-02 +2.77333e-02
+7.12467e+03 -6.17694e-03 -1.30156e-02 +8.76786e-03
+7.12480e+03 -1.02396e-02 -2.41129e-03 +7.17250e-03
+7.12493e+03 -1.08308e-02 +5.58425e-03 +6.22943e-03
+7.12506e+03 +5.50571e-03 +1.79013e-02 +1.22913e-03
+7.12519e+03 +3.72688e-03 +1.28136e-02 +1.66779e-03
+7.12532e+03 +2.77087e-02 +2.78350e-03 +1.66912e-02
+7.12545e+03 +2.91422e-02 -1.14919e-02 +1.35081e-02
+7.12558e+03 +2.15654e-02 +8.43250e-03 +4.81984e-04
+7.12571e+03 -8.67433e-03 -9.51362e-03 -9.54554e-03
+7.12584e+03 -8.11197e-03 -6.72199e-05 -1.75919e-02
+7.12597e+03 -6.86934e-05 -9.11261e-03 -2.28689e-02
+7.12610e+03 -3.38919e-02 -2.90243e-02 -3.13998e-03
+7.12623e+03 -6.89519e-02 -1.92693e-02 +1.29551e-02
+7.12636e+03 -5.98711e-02 -4.32934e-02 +8.11747e-03
+7.12649e+03 -3.90401e-02 -4.95020e-02 +6.88434e-03
+7.12662e+03 -4.30018e-02 -2.99799e-02 -7.86942e-03
+7.12675e+03 -2.45779e-02 -2.12808e-02 -2.14401e-02
+7.12688e+03 -4.55615e-03 +1.04655e-02 -2.78739e-02
+7.12701e+03 +3.48965e-02 +1.92379e-02 -3.19466e-02
+7.12714e+03 +3.45174e-02 +2.85476e-02 -3.65724e-02
+7.12726e+03 +5.71446e-02 +1.87829e-02 -2.18597e-02
+7.12739e+03 +4.11964e-02 +6.20165e-03 -2.33344e-03
+7.12752e+03 +3.20895e-02 -6.49964e-03 +9.82924e-04
+7.12765e+03 +1.74984e-02 -7.79317e-03 +2.21490e-03
+7.12778e+03 +1.67569e-02 -1.08861e-02 -3.29668e-03
+7.12791e+03 +1.89240e-02 -5.89189e-03 -1.30622e-02
+7.12804e+03 +9.09500e-03 -1.58540e-04 -2.16091e-02
+7.12817e+03 +3.68092e-03 +2.97245e-03 -1.69065e-02
+7.12830e+03 -6.61475e-03 -3.09014e-03 -1.57403e-02
+7.12843e+03 -2.21964e-02 -1.08352e-02 -1.04577e-02
+7.12856e+03 -3.65646e-02 -1.59775e-02 -5.07145e-03
+7.12869e+03 -2.72030e-02 -2.25240e-02 +5.57382e-03
+7.12882e+03 -9.08635e-03 -2.46964e-02 +5.83670e-03
+7.12895e+03 +9.30040e-04 -2.15595e-02 +4.60985e-03
+7.12908e+03 +2.08731e-02 -1.27283e-02 -3.09164e-03
+7.12921e+03 +8.35949e-03 -8.91205e-03 -6.14121e-03
+7.12934e+03 +1.45271e-02 -5.97464e-03 -1.23584e-02
+7.12947e+03 -3.60668e-03 -1.58997e-02 -1.63280e-02
+7.12960e+03 -7.27888e-03 -1.75509e-02 -1.97326e-02
+7.12973e+03 -2.13371e-02 -1.10425e-02 -2.62072e-02
+7.12985e+03 -3.38686e-02 -7.20822e-03 -3.08829e-02
+7.12998e+03 -4.37951e-02 -1.38574e-02 -3.11396e-02
+7.13011e+03 -2.63755e-02 -1.54463e-02 -3.02993e-02
+7.13024e+03 -6.35501e-03 -1.80934e-02 -2.75358e-02
+7.13037e+03 +2.33154e-02 -2.42986e-02 -2.57263e-02
+7.13050e+03 +5.44653e-02 -3.13968e-02 -2.66406e-02
+7.13063e+03 +6.11292e-02 -2.90134e-02 -1.46710e-02
+7.13076e+03 +5.64563e-02 -3.89700e-02 -2.47324e-02
+7.13089e+03 +3.98927e-02 -2.58360e-02 -1.55928e-02
+7.13102e+03 +2.59442e-02 -9.35684e-03 -8.08432e-03
+7.13115e+03 +1.36643e-02 -1.17481e-02 -3.78176e-03
+7.13128e+03 +5.34181e-03 -3.31732e-03 -3.86128e-03
+7.13141e+03 -8.52003e-03 +1.56956e-02 +1.46466e-02
+7.13154e+03 -1.08117e-02 +4.48137e-02 +2.05227e-02
+7.13167e+03 -1.33057e-02 +5.07310e-02 +2.65010e-02
+7.13180e+03 -6.29455e-03 +8.09797e-03 +1.54646e-02
+7.13193e+03 +5.44871e-03 +8.85883e-03 -3.76183e-03
+7.13206e+03 +4.80853e-03 -5.26612e-03 -9.55503e-03
+7.13219e+03 -5.50404e-04 -3.41081e-02 -2.50200e-02
+7.13231e+03 -9.54842e-03 -3.47976e-02 -2.44441e-02
+7.13244e+03 -1.66701e-02 -2.08547e-02 -2.58398e-02
+7.13257e+03 -2.27683e-02 -2.94756e-02 -9.26448e-03
+7.13270e+03 -3.05496e-02 -3.65034e-03 +3.23791e-03
+7.13283e+03 -3.15157e-02 +1.84028e-03 +6.49521e-03
+7.13296e+03 -3.38640e-02 -5.10228e-03 +1.40424e-02
+7.13309e+03 -2.84582e-02 -6.01671e-03 -5.65956e-04
+7.13322e+03 -1.00744e-02 -2.43749e-02 +2.43954e-03
+7.13335e+03 -3.27357e-03 -1.78402e-02 -9.68429e-03
+7.13348e+03 +2.47636e-02 -1.56410e-02 -1.09374e-02
+7.13361e+03 +1.22363e-02 -1.99834e-02 +6.71186e-04
+7.13374e+03 +2.33618e-02 -1.21569e-02 -1.15472e-02
+7.13387e+03 +2.68802e-02 -1.33372e-02 +2.21498e-03
+7.13400e+03 +3.73387e-02 +5.99015e-03 +2.17773e-03
+7.13413e+03 +3.02229e-02 +1.81566e-02 -3.92845e-03
+7.13426e+03 +2.96658e-02 +1.43251e-02 -3.32416e-03
+7.13439e+03 +2.62968e-02 +1.82648e-02 -6.61570e-03
+7.13452e+03 +7.15717e-03 +2.05912e-02 +1.12168e-03
+7.13465e+03 -4.36917e-03 +1.38957e-02 -1.66351e-02
+7.13478e+03 -1.97432e-02 +5.03140e-03 -3.51068e-02
+7.13490e+03 -1.73029e-02 -5.11385e-03 -3.39773e-02
+7.13503e+03 -1.66581e-02 -8.95446e-03 -3.85838e-02
+7.13516e+03 -2.93535e-02 -7.06401e-03 -1.20730e-02
+7.13529e+03 -3.17740e-02 +3.59876e-03 -1.63713e-02
+7.13542e+03 -3.72363e-03 -2.95281e-03 -4.17476e-02
+7.13555e+03 +1.21729e-02 -6.03415e-04 -9.48141e-03
+7.13568e+03 +2.62586e-02 +2.31423e-02 -2.24328e-02
+7.13581e+03 +3.32041e-02 +2.56083e-02 +1.63818e-02
+7.13594e+03 +4.01286e-02 +3.01431e-02 +1.89170e-02
+7.13607e+03 +4.46798e-02 +4.05277e-02 +8.12696e-03
+7.13620e+03 +4.16426e-02 +2.84874e-02 +4.86831e-02
+7.13633e+03 +3.85106e-02 +2.23579e-03 +2.67615e-02
+7.13646e+03 +3.13430e-02 -1.11121e-02 +3.75072e-02
+7.13659e+03 +2.94262e-02 -1.92385e-02 -2.01149e-02
+7.13672e+03 +2.82785e-02 -1.03152e-02 -2.44025e-02
+7.13685e+03 +2.43926e-02 -1.12543e-02 -2.50523e-02
+7.13698e+03 +2.44669e-02 -4.15955e-03 -3.32296e-02
+7.13711e+03 +3.38176e-02 -1.71902e-02 -2.39417e-02
+7.13724e+03 +4.43830e-02 +5.47373e-03 -1.91584e-02
+7.13737e+03 +4.93627e-02 +1.26068e-02 +3.10763e-03
+7.13749e+03 +4.49980e-02 +3.31098e-03 -1.20915e-03
+7.13762e+03 +3.92861e-02 +3.46404e-03 -1.62312e-02
+7.13775e+03 +1.99945e-02 +2.12416e-02 -1.15491e-02
+7.13788e+03 +6.66197e-03 +7.13015e-03 -2.46348e-02
+7.13801e+03 -1.33373e-02 +7.34852e-03 -3.60157e-02
+7.13814e+03 -1.48916e-02 +3.53748e-03 -3.27871e-02
+7.13827e+03 -1.11019e-02 -5.98666e-03 -3.50569e-02
+7.13840e+03 +4.85418e-03 -1.82945e-03 -1.87517e-02
+7.13853e+03 +8.78458e-03 +3.45269e-03 -3.50354e-02
+7.13866e+03 +3.81571e-02 -2.46204e-03 -3.36161e-02
+7.13879e+03 +4.19395e-02 -6.56287e-03 -1.46388e-02
+7.13892e+03 +6.44548e-02 -2.04943e-03 -8.78578e-03
+7.13905e+03 +5.38090e-02 -9.74552e-03 +5.04118e-03
+7.13918e+03 +3.49493e-02 -3.71053e-02 +1.06576e-02
+7.13931e+03 +1.77191e-02 -2.69828e-02 +2.83273e-02
+7.13944e+03 +2.04794e-02 -3.67001e-02 +2.06018e-02
+7.13957e+03 +3.72506e-03 -2.53527e-02 +1.08561e-02
+7.13970e+03 -1.26038e-02 -8.20828e-03 +2.92280e-02
+7.13983e+03 +7.78737e-03 -3.04518e-03 +1.88716e-02
+7.13996e+03 +1.35698e-02 +2.89512e-02 +4.83808e-03
+7.14009e+03 +1.15873e-02 +2.34726e-02 +3.67682e-02
+7.14021e+03 -1.36137e-02 +1.16700e-02 +1.36933e-02
+7.14034e+03 +9.52439e-03 +1.08761e-02 +4.25826e-02
+7.14047e+03 +5.40644e-03 +8.92195e-03 +3.28694e-02
+7.14060e+03 +1.07064e-02 +6.12565e-03 +2.28358e-02
+7.14073e+03 -1.93120e-02 +4.21596e-03 +4.94177e-03
+7.14086e+03 +7.41425e-03 +1.88038e-03 +3.40156e-03
+7.14099e+03 -1.84902e-02 -8.20921e-03 -1.08979e-02
+7.14112e+03 +5.77463e-03 -5.04148e-03 +5.51831e-03
+7.14125e+03 +1.88488e-02 -3.38151e-03 +4.99843e-03
+7.14138e+03 +2.34273e-02 -1.51840e-02 +7.12303e-03
+7.14151e+03 +3.37461e-03 -1.47189e-02 -2.12617e-02
+7.14164e+03 -5.62843e-03 -2.00624e-02 -1.85361e-02
+7.14177e+03 -9.46204e-03 -2.45935e-02 -4.81330e-03
+7.14190e+03 -1.63977e-02 -1.79905e-02 +1.94355e-03
+7.14203e+03 -4.49002e-04 -1.47711e-02 -6.51990e-03
+7.14216e+03 +5.56971e-03 -1.91741e-02 +1.66614e-02
+7.14229e+03 -5.47695e-03 -1.45597e-02 +1.63894e-02
+7.14242e+03 -4.41834e-03 -2.23549e-02 -5.26465e-03
+7.14255e+03 -8.37205e-03 -2.49792e-02 +2.27530e-02
+7.14268e+03 -5.23126e-03 -2.46448e-02 -7.41584e-03
+7.14280e+03 -4.05134e-03 -3.16049e-02 -5.80296e-03
+7.14293e+03 -1.36090e-02 -6.69002e-03 +2.73798e-02
+7.14306e+03 -1.10147e-02 +7.80970e-03 +3.20130e-02
+7.14319e+03 -4.51030e-03 -1.03069e-02 +5.85116e-02
+7.14332e+03 +2.30950e-02 -6.68340e-03 +5.09554e-02
+7.14345e+03 +3.10190e-02 -1.45169e-02 +2.29809e-02
+7.14358e+03 +2.32351e-02 -4.59955e-02 +1.22275e-02
+7.14371e+03 +1.65360e-02 -2.04858e-02 +9.90836e-03
+7.14384e+03 +1.11688e-02 -4.32379e-02 +8.32044e-03
+7.14397e+03 +7.82424e-03 -2.53951e-02 -2.30446e-03
+7.14410e+03 +8.36714e-04 -1.42210e-03 -1.31077e-02
+7.14423e+03 +1.27013e-02 -2.98522e-03 -2.64550e-02
+7.14436e+03 +1.42658e-02 +7.15172e-03 -2.07882e-02
+7.14449e+03 +2.18524e-02 +1.72674e-02 -7.56676e-03
+7.14462e+03 +2.35540e-02 +3.61713e-02 -1.47175e-02
+7.14475e+03 +2.88105e-02 +6.42648e-02 +2.46997e-02
+7.14488e+03 +2.50747e-02 +6.19810e-02 +6.57280e-03
+7.14501e+03 +2.43163e-02 +3.18397e-02 +2.29450e-02
+7.14514e+03 +1.54811e-02 +5.66289e-04 +4.11722e-02
+7.14527e+03 +1.51711e-02 -4.04999e-03 +5.91766e-02
+7.14539e+03 +1.91913e-02 +6.83613e-03 +3.68744e-03
+7.14552e+03 +3.34285e-03 -1.80081e-02 +2.34374e-02
+7.14565e+03 +1.71317e-02 -9.69969e-03 +1.91043e-02
+7.14578e+03 -2.13846e-04 -7.25599e-03 +4.82685e-02
+7.14591e+03 -5.70657e-03 +1.92931e-02 +3.23096e-02
+7.14604e+03 +3.10332e-04 +2.24638e-02 +4.91202e-02
+7.14617e+03 +2.21079e-02 +2.32979e-02 +3.23448e-02
+7.14630e+03 +3.83015e-02 +2.30725e-02 +8.95198e-02
+7.14643e+03 +1.10774e-02 +5.81487e-05 +2.31170e-02
+7.14656e+03 +3.44771e-02 +1.62761e-03 +3.14319e-02
+7.14669e+03 +2.08896e-02 +7.53940e-03 +2.36909e-02
+7.14682e+03 +1.67149e-02 -8.17874e-03 +4.74949e-02
+7.14695e+03 +3.32386e-02 -3.58292e-03 +4.07056e-02
+7.14708e+03 +3.13628e-02 +3.11886e-02 +5.30429e-02
+7.14721e+03 +4.78965e-02 +4.70878e-02 +6.79534e-02
+7.14734e+03 +4.46453e-02 +6.18835e-02 +6.41745e-02
+7.14747e+03 +3.62669e-02 +5.95168e-02 +3.69574e-02
+7.14760e+03 +3.42151e-02 +4.20033e-02 +5.12673e-02
+7.14773e+03 +3.90584e-02 +4.15837e-02 +6.10306e-02
+7.14785e+03 +3.04838e-02 +3.09731e-02 +1.77185e-02
+7.14798e+03 +2.04208e-02 +2.04601e-02 +2.15861e-02
+7.14811e+03 +8.33782e-03 +1.63734e-02 +1.61545e-02
+7.14824e+03 +1.16679e-02 +1.35380e-02 +5.31881e-03
+7.14837e+03 -7.77383e-03 +2.72174e-03 +9.82765e-03
+7.14850e+03 -4.72095e-04 +1.67403e-03 +3.06526e-02
+7.14863e+03 +8.50106e-03 +4.76948e-03 +3.27720e-02
+7.14876e+03 +2.63535e-02 -5.84442e-03 +3.16165e-02
+7.14889e+03 +8.82044e-03 -1.13256e-03 +3.62741e-02
+7.14902e+03 +1.50539e-02 +9.67882e-03 +3.30832e-02
+7.14915e+03 +2.59856e-02 +5.15933e-03 +3.43577e-02
+7.14928e+03 +5.23089e-02 -3.46170e-03 +3.47262e-02
+7.14941e+03 +2.23744e-02 -2.50437e-03 +2.19717e-02
+7.14954e+03 +3.53253e-02 +1.11610e-02 +1.89353e-02
+7.14967e+03 +6.42649e-02 +1.36196e-02 +1.46807e-02
+7.14980e+03 +5.22039e-02 +1.78095e-02 +1.26146e-02
+7.14993e+03 +2.33109e-02 +6.14514e-03 +1.72951e-02
+7.15006e+03 +3.91542e-02 +1.79141e-02 +1.99562e-02
+7.15019e+03 +4.43303e-02 +1.64416e-02 +1.51537e-02
+7.15032e+03 +6.04237e-02 +3.43288e-02 +2.23312e-02
+7.15044e+03 +4.75786e-02 +3.89455e-02 +1.75703e-02
+7.15057e+03 +4.44079e-02 +5.05065e-02 +1.46671e-02
+7.15070e+03 +5.56531e-02 +5.76564e-02 +1.63641e-02
+7.15083e+03 +4.82362e-02 +5.23079e-02 +2.09020e-02
+7.15096e+03 +3.02110e-02 +3.09838e-02 +6.63545e-03
+7.15109e+03 +4.74053e-02 +2.10147e-02 +6.16208e-04
+7.15122e+03 +6.71956e-02 +2.12323e-02 +1.00139e-02
+7.15135e+03 +1.25354e-02 +1.57968e-02 +2.48048e-02
+7.15148e+03 +3.29400e-02 +3.42541e-02 +4.32114e-02
+7.15161e+03 +2.21226e-02 +8.02314e-04 +3.09518e-02
+7.15174e+03 +6.26534e-03 +2.75021e-02 +3.13128e-02
+7.15187e+03 +3.02848e-02 +3.89521e-02 +1.72370e-02
+7.15200e+03 +5.74118e-02 +7.42622e-02 +1.75792e-02
+7.15213e+03 -1.51460e-02 +4.48862e-02 +1.85610e-02
+7.15226e+03 +1.59578e-02 +5.84816e-02 +2.64779e-03
+7.15239e+03 +4.34867e-02 +3.85606e-02 +1.88456e-02
+7.15252e+03 +3.21824e-02 +5.72252e-02 +6.29989e-05
+7.15265e+03 +2.99522e-02 +3.89331e-02 +1.39494e-02
+7.15278e+03 +1.33636e-02 +4.23190e-02 +2.48388e-02
+7.15291e+03 -4.64135e-02 +4.34898e-02 +4.17988e-02
+7.15303e+03 -2.61943e-02 +4.75945e-02 +3.58461e-02
+7.15316e+03 +2.16613e-02 +2.53628e-02 +2.31931e-02
+7.15329e+03 +2.42779e-02 +1.79279e-02 +3.38707e-02
+7.15342e+03 +1.23959e-02 +3.37098e-02 +1.78351e-02
+7.15355e+03 +5.34763e-03 +2.62967e-02 +3.64884e-02
+7.15368e+03 +5.91622e-02 +2.36429e-02 +3.15888e-02
+7.15381e+03 +1.32624e-02 +3.24325e-02 +3.81101e-02
+7.15394e+03 +8.05723e-03 +2.84373e-02 +2.95078e-02
+7.15407e+03 +8.11790e-03 +1.74300e-02 +3.16638e-02
+7.15420e+03 -1.17532e-02 -7.03866e-03 +2.07457e-02
+7.15433e+03 -5.31670e-02 +1.76970e-02 +2.57549e-02
+7.15446e+03 -8.30320e-02 +2.09374e-02 +1.03394e-02
+7.15459e+03 -5.11139e-02 +5.18578e-03 +2.83354e-02
+7.15472e+03 -8.99969e-03 +8.04244e-03 +1.84561e-02
+7.15485e+03 -4.78166e-03 +4.76669e-03 -1.86236e-02
+7.15498e+03 +3.24902e-03 -1.04604e-02 +2.19055e-02
+7.15511e+03 +5.51123e-03 -1.70917e-02 +1.25572e-02
+7.15524e+03 +5.56286e-03 -2.26970e-02 -1.19214e-02
+7.15537e+03 -3.70761e-03 +1.82944e-02 +1.82774e-02
+7.15550e+03 +1.24908e-02 +1.56853e-02 +9.64643e-03
+7.15562e+03 -7.41638e-02 -6.69054e-03 +5.49540e-02
+7.15575e+03 +1.07229e-02 +5.59077e-02 +5.03331e-02
+7.15588e+03 -1.48789e-02 +7.16560e-02 +3.77243e-02
+7.15601e+03 +8.48626e-03 +6.09901e-02 +3.22841e-02
+7.15614e+03 -1.04827e-02 +8.73724e-02 +2.38209e-02
+7.15627e+03 +7.18755e-03 +3.10184e-02 +3.85520e-02
+7.15640e+03 -6.60361e-03 +5.29964e-02 +5.31285e-02
+7.15653e+03 -4.24217e-03 +4.05433e-02 +5.05703e-02
+7.15666e+03 -1.66794e-02 +9.86054e-05 +3.37550e-02
+7.15679e+03 +2.20247e-02 +4.38940e-02 +3.51628e-02
+7.15692e+03 +4.18862e-02 +3.80361e-02 +2.08494e-02
+7.15705e+03 +3.86239e-02 +5.46920e-02 +7.72150e-04
+7.15718e+03 +7.06949e-02 +5.38857e-02 -4.18438e-03
+7.15731e+03 +6.41937e-02 +5.77244e-02 -1.01349e-03
+7.15744e+03 +6.70675e-02 +7.13290e-02 +2.57942e-02
+7.15757e+03 +4.08169e-02 +6.49888e-02 +5.17548e-02
+7.15770e+03 +4.40833e-02 +5.50007e-02 +4.45473e-02
+7.15783e+03 +4.85472e-02 +3.16223e-02 +4.29181e-02
+7.15796e+03 +1.56714e-02 +2.93032e-02 +1.64325e-02
+7.15809e+03 +8.56455e-03 +2.64168e-02 -2.13044e-02
+7.15822e+03 -2.47226e-03 +3.20102e-02 -2.84097e-02
+7.15834e+03 -3.66277e-03 +4.10720e-02 -3.79469e-03
+7.15847e+03 +4.76991e-03 +3.27019e-02 -1.67839e-02
+7.15860e+03 +5.92718e-02 +4.41344e-02 -4.26094e-02
+7.15873e+03 +7.66321e-02 +4.33227e-02 +1.64586e-02
+7.15886e+03 +5.22615e-02 +4.98050e-02 +1.89614e-02
+7.15899e+03 +7.73291e-02 +4.71791e-02 +5.31843e-02
+7.15912e+03 +4.82413e-02 +6.27154e-02 +3.42560e-02
+7.15925e+03 +1.38394e-02 +5.34496e-02 +3.56512e-02
+7.15938e+03 +1.30076e-02 +4.68308e-02 +3.50498e-02
+7.15951e+03 +2.69099e-02 +3.06889e-02 +2.13084e-02
+7.15964e+03 +4.85116e-02 +3.24697e-02 +1.33828e-02
+7.15977e+03 +5.28601e-02 +2.41965e-02 -9.55123e-04
+7.15990e+03 +6.26318e-02 +2.23839e-02 +1.64077e-04
+7.16003e+03 +6.94272e-02 +8.19562e-03 +8.54187e-03
+7.16016e+03 +7.32333e-02 +8.59302e-03 +1.79478e-02
+7.16029e+03 +7.12646e-02 +3.56073e-03 +2.07488e-02
+7.16042e+03 +6.32437e-02 -5.12368e-03 +2.50311e-02
+7.16055e+03 +5.69261e-02 +9.60323e-03 +1.77300e-02
+7.16068e+03 +4.00573e-02 +3.15146e-02 +2.33697e-02
+7.16081e+03 +2.92030e-02 +5.66616e-02 +2.01745e-02
+7.16093e+03 +1.79463e-02 +5.20472e-02 +1.37151e-02
+7.16106e+03 +2.28168e-02 +4.90431e-02 +1.06803e-02
+7.16119e+03 +1.83946e-02 +5.52193e-02 +1.19867e-02
+7.16132e+03 +2.27685e-02 +6.05446e-02 +1.42568e-02
+7.16145e+03 +2.12453e-02 +4.95401e-02 +1.73252e-02
+7.16158e+03 +4.11835e-02 +3.90194e-02 +2.07510e-02
+7.16171e+03 +5.22529e-02 +4.15166e-02 +1.87972e-02
+7.16184e+03 +4.07839e-02 +2.15669e-02 +2.46463e-02
+7.16197e+03 +4.85713e-02 +6.18311e-03 +2.30567e-02
+7.16210e+03 +6.00242e-02 -1.08066e-02 +2.28093e-02
+7.16223e+03 +4.41342e-02 -2.77245e-02 +1.29573e-02
+7.16236e+03 +5.12445e-02 -6.23702e-02 +1.04761e-02
+7.16249e+03 +4.69643e-02 -3.37941e-02 -9.87930e-03
+7.16262e+03 +2.18971e-02 +3.74017e-03 -8.53807e-03
+7.16275e+03 +8.12703e-02 +3.94092e-02 -3.97190e-04
+7.16288e+03 +3.96947e-02 +6.71106e-02 +8.16269e-04
+7.16301e+03 +1.25165e-01 +5.93013e-02 +2.04806e-02
+7.16314e+03 +1.74583e-01 +5.72583e-02 +1.12500e-02
+7.16327e+03 +1.47678e-01 +4.71062e-02 +1.25670e-02
+7.16340e+03 +1.07215e-01 +5.57297e-02 +1.73401e-02
+7.16352e+03 +1.81729e-01 +5.18999e-02 +3.07122e-02
+7.16365e+03 +1.28745e-01 +4.29310e-02 +2.99380e-02
+7.16378e+03 +1.15920e-01 +4.57008e-02 +1.41078e-02
+7.16391e+03 -1.00000e+00 +5.41166e-02 +1.46593e-02
+7.16404e+03 +3.96211e-02 +4.10125e-02 -9.91087e-03
+7.16417e+03 +1.81621e-02 +5.45938e-02 -1.78998e-02
+7.16430e+03 -4.68738e-02 +3.90164e-02 -1.99697e-02
+7.16443e+03 -2.03600e-02 +5.52285e-02 -2.42991e-02
+7.16456e+03 +7.61728e-03 +4.15476e-02 -2.09309e-02
+7.16469e+03 +1.60868e-02 +3.96603e-02 -2.05904e-02
+7.16482e+03 +2.61605e-02 +4.90315e-02 -1.83086e-02
+7.16495e+03 +2.69026e-02 +6.28933e-02 -6.36667e-03
+7.16508e+03 +1.53679e-02 +6.06882e-02 +4.45198e-03
+7.16521e+03 +3.84049e-02 +6.43670e-02 +1.22203e-02
+7.16534e+03 +3.78966e-02 +4.61896e-02 +2.31247e-02
+7.16547e+03 +1.90358e-02 +4.87003e-02 +2.13296e-02
+7.16560e+03 +1.72579e-02 +5.69590e-02 -2.52016e-02
+7.16573e+03 +2.83440e-02 +4.77995e-02 -1.49094e-02
+7.16586e+03 +7.34785e-04 +4.23816e-02 -2.75585e-03
+7.16598e+03 -1.09715e-02 +3.29756e-02 -3.07260e-03
+7.16611e+03 -8.98558e-03 +2.08718e-02 +3.64960e-03
+7.16624e+03 -2.38178e-02 +3.40333e-02 +7.60732e-03
+7.16637e+03 +1.93369e-02 +4.73788e-02 +1.66259e-03
+7.16650e+03 -4.46565e-02 +2.79840e-02 -6.32619e-03
+7.16663e+03 +4.46634e-03 +2.00838e-02 -1.75477e-02
+7.16676e+03 +9.34048e-03 +3.20132e-02 +1.37729e-02
+7.16689e+03 +1.52935e-02 +1.07374e-02 +3.55252e-02
+7.16702e+03 +2.99653e-02 -7.46709e-03 +4.17622e-02
+7.16715e+03 +2.10765e-02 -1.06530e-02 +1.10801e-02
+7.16728e+03 -6.92798e-04 +9.68130e-03 +4.44950e-02
+7.16741e+03 +3.54122e-02 -2.92587e-02 +1.64771e-02
+7.16754e+03 +4.62967e-02 -2.73430e-02 +6.25603e-02
+7.16767e+03 +3.82401e-02 -5.56865e-02 +6.57664e-02
+7.16780e+03 +6.23745e-02 -1.37559e-02 +7.51729e-02
+7.16793e+03 +6.03253e-02 -4.71473e-03 +5.38913e-02
+7.16806e+03 +5.68863e-02 +2.89554e-02 +6.03967e-03
+7.16819e+03 +4.56213e-02 +5.30583e-02 +1.62876e-02
+7.16832e+03 +3.73357e-02 +7.26882e-02 +6.24239e-02
+7.16845e+03 +2.42810e-02 +7.06008e-02 +5.80371e-02
+7.16857e+03 +1.67593e-02 +5.82195e-02 +2.71898e-02
+7.16870e+03 +6.82047e-03 +6.29194e-02 +4.21791e-03
+7.16883e+03 +3.16613e-02 +5.72085e-02 +2.26250e-02
+7.16896e+03 +1.00677e-02 +5.71325e-02 +2.76581e-02
+7.16909e+03 +2.29775e-02 +4.64940e-02 -2.15183e-02
+7.16922e+03 +1.27861e-02 +3.64998e-02 -9.06768e-03
+7.16935e+03 +3.03641e-02 +2.90974e-02 +6.71052e-02
+7.16948e+03 +4.29950e-02 +2.44979e-02 +4.24196e-02
+7.16961e+03 +4.29047e-02 +5.05944e-03 +3.59611e-02
+7.16974e+03 +6.92642e-02 +2.55684e-02 -5.09227e-03
+7.16987e+03 +8.60271e-02 +6.40893e-03 +1.83130e-03
+7.17000e+03 +5.35186e-02 +3.13726e-02 +3.99761e-03
+7.17013e+03 +1.11817e-01 +3.23389e-02 +4.12947e-02
+7.17026e+03 +1.06119e-01 +4.75698e-02 +4.03906e-02
+7.17039e+03 +1.46978e-01 +4.47132e-02 +5.16087e-02
+7.17052e+03 -1.00000e+00 +4.31489e-02 +5.74674e-02
+7.17065e+03 +1.57571e-01 +2.67728e-02 +3.70045e-02
+7.17078e+03 +1.67795e-01 +1.15827e-02 +3.66989e-02
+7.17091e+03 +2.33727e-01 -9.41792e-04 +1.77657e-02
+7.17104e+03 +1.87057e-01 +2.72609e-02 +2.72675e-02
+7.17116e+03 +1.36999e-01 -5.12681e-03 +1.94906e-02
+7.17129e+03 -1.00000e+00 +1.97962e-02 +2.40007e-02
+7.17142e+03 +8.75315e-02 -3.28074e-02 +1.06022e-02
+7.17155e+03 +1.01349e-01 -5.32931e-02 -7.90916e-03
+7.17168e+03 +1.28527e-01 -4.72330e-03 +6.28547e-02
+7.17181e+03 -1.00000e+00 +8.38739e-03 +2.86037e-02
+7.17194e+03 -1.00000e+00 +2.00375e-02 +6.86451e-02
+7.17207e+03 -1.00000e+00 +6.19540e-02 +5.95141e-02
+7.17220e+03 -1.00000e+00 +1.11683e-02 +3.21998e-02
+7.17233e+03 -1.00000e+00 +1.03302e-02 +2.29824e-03
+7.17246e+03 +5.15896e-02 +1.04015e-02 +3.32423e-02
+7.17259e+03 +1.23174e-01 +3.76035e-02 +1.26075e-02
+7.17272e+03 +1.02426e-01 +2.83898e-02 +3.36267e-02
+7.17285e+03 +6.18272e-02 +1.81575e-02 +4.51213e-02
+7.17298e+03 +1.11385e-01 +5.42496e-02 +3.05597e-02
+7.17311e+03 -1.00000e+00 +6.29584e-02 +4.17022e-02
+7.17324e+03 -1.00000e+00 +6.91771e-02 +4.07614e-02
+7.17337e+03 +6.08179e-02 +6.83012e-02 +5.25312e-02
+7.17350e+03 +2.48878e-02 +8.19885e-02 +4.73075e-02
+7.17363e+03 +1.27200e-01 +9.55387e-02 +3.94857e-02
+7.17376e+03 +8.33333e-02 +8.49179e-02 +1.42130e-02
+7.17388e+03 -1.00000e+00 +8.31221e-02 +1.74422e-02
+7.17401e+03 -1.00000e+00 +1.00006e-01 +1.00279e-02
+7.17414e+03 -1.00000e+00 +6.80641e-02 +9.34469e-03
+7.17427e+03 -1.00000e+00 +7.74140e-02 +4.05210e-02
+7.17440e+03 -1.00000e+00 +4.72838e-02 +6.17367e-02
+7.17453e+03 -1.00000e+00 +4.46364e-02 +6.72886e-02
+7.17466e+03 -1.00000e+00 +1.03705e-01 +7.74552e-02
+7.17479e+03 -1.00000e+00 +8.37267e-02 +6.87401e-02
+7.17492e+03 -1.00000e+00 +8.00592e-02 +7.91429e-02
+7.17505e+03 -1.00000e+00 +5.71699e-02 +6.27707e-02
+7.17518e+03 -1.00000e+00 +3.56083e-02 +6.75019e-02
+7.17531e+03 -1.00000e+00 +3.93179e-02 +4.99396e-02
+7.17544e+03 -1.00000e+00 +3.50205e-02 +4.16544e-02
+7.17557e+03 -1.00000e+00 +4.77074e-02 +3.58884e-02
+7.17570e+03 -1.00000e+00 +6.52989e-02 +4.20846e-02
+7.17583e+03 -1.00000e+00 +5.31107e-02 +3.84940e-02
+7.17596e+03 -1.00000e+00 +4.45466e-02 +4.33931e-02
+7.17609e+03 -1.00000e+00 +4.46438e-02 +6.40051e-02
+7.17622e+03 -1.00000e+00 -6.99153e-03 +7.02332e-02
+7.17635e+03 -1.00000e+00 +6.99301e-02 +2.59927e-02
+7.17647e+03 -1.00000e+00 +7.07065e-02 +3.84124e-02
+7.17660e+03 -1.00000e+00 +9.00781e-02 +2.06518e-03
+7.17673e+03 -1.00000e+00 +9.37089e-02 +3.11145e-02
+7.17686e+03 -1.00000e+00 +4.65203e-02 -1.12154e-03
+7.17699e+03 -1.00000e+00 +7.67290e-02 +1.24645e-02
+7.17712e+03 -1.00000e+00 +4.55294e-02 +4.00327e-02
+7.17725e+03 +7.64165e-02 +3.41858e-02 +3.74299e-02
+7.17738e+03 +4.66818e-02 +4.36870e-02 +5.79862e-02
+7.17751e+03 +7.20887e-02 +6.55754e-03 +5.73132e-02
+7.17764e+03 +1.00443e-02 +5.43931e-03 +3.85024e-02
+7.17777e+03 +1.36912e-01 +1.39649e-02 +2.61796e-02
+7.17790e+03 +1.72309e-01 +1.79905e-02 +2.71357e-02
+7.17803e+03 +9.76744e-02 -1.53116e-02 +4.64272e-02
+7.17816e+03 +8.61942e-02 +5.94119e-03 +5.03359e-02
+7.17829e+03 +1.31716e-01 -2.39199e-02 +4.40093e-02
+7.17842e+03 -1.00000e+00 -2.19508e-02 +2.56337e-02
+7.17855e+03 -1.00000e+00 -2.24495e-03 +4.54564e-02
+7.17868e+03 -1.00000e+00 +9.08999e-03 +5.23663e-02
+7.17881e+03 -1.00000e+00 +3.14528e-02 +5.38431e-02
+7.17894e+03 +1.00650e-01 +4.45480e-02 -6.74249e-03
+7.17906e+03 +3.75917e-02 +4.22405e-02 +3.06193e-02
+7.17919e+03 +9.89700e-02 +5.45451e-02 +3.16938e-02
+7.17932e+03 +7.31190e-02 +6.44707e-02 -8.96836e-02
+7.17945e+03 +1.04999e-01 +4.52603e-02 -5.27524e-02
+7.17958e+03 +1.16773e-01 +3.92523e-02 -5.16594e-02
+7.17971e+03 +1.17585e-01 +4.91379e-02 -2.63360e-02
+7.17984e+03 +1.09599e-01 +3.54252e-02 -4.61158e-02
+7.17997e+03 +5.12081e-02 +4.56302e-02 +7.49489e-03
+7.18010e+03 +1.52387e-01 +2.04992e-02 -1.01155e-02
+7.18023e+03 +1.00239e-01 -2.69971e-02 -1.29474e-02
+7.18036e+03 -1.00000e+00 -1.15168e-02 +2.72145e-02
+7.18049e+03 -1.00000e+00 -2.78309e-02 -3.09383e-02
+7.18062e+03 -1.00000e+00 -4.20560e-02 -6.76240e-02
+7.18075e+03 -1.00000e+00 -1.88929e-02 -1.02365e-01
+7.18088e+03 -1.00000e+00 -1.58492e-02 -6.60504e-02
+7.18101e+03 -1.00000e+00 -3.39549e-02 -1.29527e-01
+7.18114e+03 -1.00000e+00 -4.45660e-02 -2.20472e-01
+7.18127e+03 +4.16899e-01 -3.39297e-02 -1.00000e+00
+7.18140e+03 -1.00000e+00 -2.09939e-02 -1.00000e+00
+7.18152e+03 -1.00000e+00 -3.67752e-02 -1.00000e+00
+7.18165e+03 +6.92792e-02 -3.09889e-04 -1.00000e+00
+7.18178e+03 +1.31969e-01 +3.62122e-02 +5.14956e-02
+7.18191e+03 +4.69947e-02 +2.35771e-02 -4.23708e-02
+7.18204e+03 +5.55562e-02 +3.44646e-02 +4.13445e-02
+7.18217e+03 +6.70400e-02 +6.78755e-02 +5.82378e-02
+7.18230e+03 -2.49628e-02 -1.30346e-03 +4.21692e-02
+7.18243e+03 -1.00000e+00 +5.98187e-03 +4.62004e-02
+7.18256e+03 -1.00000e+00 -3.30436e-02 +6.30285e-02
+7.18269e+03 -1.00000e+00 -3.48001e-02 +8.03187e-02
+7.18282e+03 -1.00000e+00 -5.07336e-02 +6.92242e-02
+7.18295e+03 -1.00000e+00 +9.19353e-03 +5.18598e-02
+7.18308e+03 -1.00000e+00 -3.57361e-02 +1.92777e-02
+7.18321e+03 -1.00000e+00 -2.39750e-02 +1.98839e-02
+7.18334e+03 -1.00000e+00 -3.25123e-02 -1.08464e-02
+7.18347e+03 -1.00000e+00 +1.14006e-02 +4.26138e-02
+7.18360e+03 -1.00000e+00 -2.48315e-02 -2.24250e-02
+7.18373e+03 -1.00000e+00 -8.15705e-02 +3.79918e-02
+7.18386e+03 -1.00000e+00 -1.08322e-02 -2.87287e-02
+7.18399e+03 -1.00000e+00 -1.23268e-03 -3.17741e-02
+7.18411e+03 -1.00000e+00 -2.93306e-02 -3.88969e-03
+7.18424e+03 -1.00000e+00 -5.60132e-03 -1.13024e-02
+7.18437e+03 -1.00000e+00 -6.46386e-02 -1.98768e-02
+7.18450e+03 -1.00000e+00 -4.11129e-02 +3.15765e-03
+7.18463e+03 -1.00000e+00 -5.17848e-02 +3.06605e-02
+7.18476e+03 -1.00000e+00 -1.51543e-02 +1.16582e-02
+7.18489e+03 -1.00000e+00 -3.22493e-02 +1.92887e-03
+7.18502e+03 -1.00000e+00 -3.93597e-02 -2.31160e-02
+7.18515e+03 -1.00000e+00 -1.00000e+00 +1.95694e-02
+7.18528e+03 -1.00000e+00 -1.00000e+00 +7.02026e-03
+7.18541e+03 -1.00000e+00 -8.25491e-02 -1.07575e-01
+7.18554e+03 -1.00000e+00 -7.17942e-02 -2.05452e-02
+7.18567e+03 -1.00000e+00 -1.66444e-02 -1.00000e+00
+7.18580e+03 -1.00000e+00 +1.31574e-03 -1.00000e+00
+7.18593e+03 -1.00000e+00 +6.78767e-02 -1.01429e-02
+7.18606e+03 -1.00000e+00 -8.52034e-03 -6.49958e-03
+7.18619e+03 -1.00000e+00 +7.97346e-03 +4.27241e-02
+7.18632e+03 -1.00000e+00 +5.21900e-02 -4.56401e-02
+7.18645e+03 -1.00000e+00 +7.22232e-02 -6.07686e-02
+7.18658e+03 -1.00000e+00 +9.65454e-02 -2.00030e-02
+7.18670e+03 -1.00000e+00 +1.20851e-02 -2.73571e-02
+7.18683e+03 -1.00000e+00 -1.51448e-02 +4.02236e-02
+7.18696e+03 -1.00000e+00 +1.16349e-01 +3.17281e-02
+7.18709e+03 -1.00000e+00 +1.33436e-01 +6.39487e-02
+7.18722e+03 -1.00000e+00 -1.00000e+00 +5.33069e-02
+7.18735e+03 -1.00000e+00 -1.00000e+00 +6.42009e-02
+7.18748e+03 -1.00000e+00 -1.00000e+00 +4.38442e-02
+7.18761e+03 -1.00000e+00 -6.04302e-02 +5.88675e-02
+7.18774e+03 -1.00000e+00 +6.29196e-02 -9.80948e-02
+7.18787e+03 -1.00000e+00 +4.66596e-02 -1.34706e-01
+7.18800e+03 -1.00000e+00 -1.33248e-02 -1.85537e-01
+7.18813e+03 -1.00000e+00 +1.17521e-02 -1.00000e+00
+7.18826e+03 -1.00000e+00 +8.01602e-02 -1.43132e-01
+7.18839e+03 -1.00000e+00 +5.78493e-02 -2.87028e-02
+7.18852e+03 -1.00000e+00 +1.80894e-02 -4.64916e-02
+7.18865e+03 -1.00000e+00 -8.68180e-03 +4.75861e-02
+7.18878e+03 -1.00000e+00 +2.11583e-01 -1.00000e+00
+7.18891e+03 -1.00000e+00 -1.00000e+00 -1.00000e+00
+7.18904e+03 -1.00000e+00 +9.50941e-02 -1.00000e+00
+7.18917e+03 -1.00000e+00 +6.38301e-02 -1.00000e+00
+7.18930e+03 -1.00000e+00 +7.14226e-02 -1.00000e+00
+7.18942e+03 -1.00000e+00 +1.57443e-02 -1.00000e+00
+7.18955e+03 -1.00000e+00 -6.85754e-02 -1.00000e+00
+7.18968e+03 -1.00000e+00 -4.50033e-02 -1.00000e+00
+7.18981e+03 -1.00000e+00 -1.83648e-02 -1.00000e+00
+7.18994e+03 -1.00000e+00 -4.66985e-02 -1.00000e+00
+7.19007e+03 -1.00000e+00 -5.36797e-03 -1.00000e+00
+7.19020e+03 -1.00000e+00 +9.42223e-03 -1.00000e+00
+7.19033e+03 -1.00000e+00 +2.30064e-02 +6.05090e-02
+7.19046e+03 -1.00000e+00 -4.11969e-02 +1.05503e-01
+7.19059e+03 -1.00000e+00 +1.30338e-02 +6.33748e-02
+7.19072e+03 -1.00000e+00 +1.11192e-02 +1.78451e-02
+7.19085e+03 -1.00000e+00 -1.03440e-01 -6.71287e-03
+7.19098e+03 -1.00000e+00 +1.58604e-02 +2.95596e-02
