# threshold = 0.02
# E Abs
+7.05850e+03 -1.00000e+00 -1.00000e+00 -1.00000e+00
+7.05863e+03 -1.00000e+00 -1.00000e+00 -1.00000e+00
+7.05876e+03 -1.00000e+00 -1.00000e+00 -1.00000e+00
+7.05889e+03 -1.00000e+00 -1.00000e+00 -1.00000e+00
+7.05902e+03 -1.00000e+00 -1.00000e+00 -1.00000e+00
+7.05915e+03 -1.00000e+00 -1.00000e+00 -1.00000e+00
+7.05928e+03 -1.00000e+00 -1.00000e+00 -1.00000e+00
+7.05941e+03 -1.00000e+00 -1.00000e+00 -1.00000e+00
+7.05954e+03 -1.00000e+00 -1.00000e+00 -1.00000e+00
+7.05967e+03 -1.00000e+00 -1.00000e+00 -1.00000e+00
+7.05980e+03 -1.00000e+00 -1.00000e+00 -1.00000e+00
+7.05992e+03 -1.00000e+00 -1.00000e+00 -1.00000e+00
+7.06005e+03 -1.00000e+00 -1.00000e+00 -1.00000e+00
+7.06018e+03 -1.00000e+00 -1.00000e+00 -1.00000e+00
+7.06031e+03 -1.00000e+00 -1.00000e+00 -1.00000e+00
+7.06044e+03 -1.00000e+00 -1.00000e+00 -1.00000e+00
+7.06057e+03 -1.00000e+00 -1.00000e+00 -1.00000e+00
+7.06070e+03 -1.00000e+00 -1.00000e+00 -1.00000e+00
+7.06083e+03 -1.00000e+00 -1.00000e+00 -1.00000e+00
+7.06096e+03 -1.00000e+00 -1.00000e+00 -1.00000e+00
+7.06109e+03 -1.00000e+00 -1.00000e+00 -1.00000e+00
+7.06122e+03 -1.00000e+00 -1.00000e+00 -1.00000e+00
+7.06135e+03 -1.00000e+00 -1.00000e+00 -1.00000e+00
+7.06148e+03 -1.00000e+00 -1.00000e+00 -1.00000e+00
+7.06161e+03 -1.00000e+00 -1.00000e+00 -1.00000e+00
+7.06174e+03 -1.00000e+00 -1.00000e+00 -1.00000e+00
+7.06187e+03 -1.00000e+00 -1.00000e+00 -1.00000e+00
+7.06200e+03 -1.00000e+00 -1.00000e+00 -1.00000e+00
+7.06213e+03 -1.00000e+00 -1.00000e+00 -1.00000e+00
+7.06226e+03 -1.00000e+00 -1.00000e+00 -1.00000e+00
+7.06239e+03 -1.00000e+00 -1.00000e+00 -1.00000e+00
+7.06251e+03 -1.00000e+00 -1.00000e+00 -1.00000e+00
+7.06264e+03 -1.00000e+00 -1.00000e+00 -1.00000e+00
+7.06277e+03 -1.00000e+00 -1.00000e+00 -1.00000e+00
+7.06290e+03 -1.00000e+00 -1.00000e+00 -1.00000e+00
+7.06303e+03 -1.00000e+00 -1.00000e+00 -1.00000e+00
+7.06316e+03 -1.00000e+00 -1.00000e+00 -1.00000e+00
+7.06329e+03 -1.00000e+00 -1.00000e+00 -1.00000e+00
+7.06342e+03 -1.00000e+00 -1.00000e+00 -1.00000e+00
+7.06355e+03 -1.00000e+00 -1.00000e+00 -1.00000e+00
+7.06368e+03 -1.00000e+00 -1.00000e+00 -1.00000e+00
+7.06381e+03 -1.00000e+00 -1.00000e+00 -1.00000e+00
+7.06394e+03 -1.00000e+00 -1.00000e+00 -1.00000e+00
+7.06407e+03 -1.00000e+00 -1.00000e+00 -1.00000e+00
+7.06420e+03 -1.00000e+00 -1.00000e+00 -1.00000e+00
+7.06433e+03 -1.00000e+00 -1.00000e+00 -1.00000e+00
+7.06446e+03 -1.00000e+00 -1.00000e+00 -1.00000e+00
+7.06459e+03 -1.00000e+00 -1.00000e+00 -1.00000e+00
+7.06472e+03 -1.00000e+00 -1.00000e+00 -1.00000e+00
+7.06485e+03 -1.00000e+00 -1.00000e+00 -1.00000e+00
+7.06498e+03 -1.00000e+00 -1.00000e+00 -1.00000e+00
+7.06510e+03 -1.00000e+00 -1.00000e+00 -1.00000e+00
+7.06523e+03 -1.00000e+00 -1.00000e+00 -1.00000e+00
+7.06536e+03 -1.00000e+00 -1.00000e+00 -1.00000e+00
+7.06549e+03 -1.00000e+00 -1.00000e+00 -1.00000e+00
+7.06562e+03 -1.00000e+00 -1.00000e+00 -1.00000e+00
+7.06575e+03 -1.00000e+00 -1.00000e+00 -1.00000e+00
+7.06588e+03 -1.00000e+00 -1.00000e+00 -1.00000e+00
+7.06601e+03 -1.00000e+00 -1.00000e+00 -1.00000e+00
+7.06614e+03 -1.00000e+00 -1.00000e+00 -1.00000e+00
+7.06627e+03 -1.00000e+00 -1.00000e+00 -1.00000e+00
+7.06640e+03 -1.00000e+00 -1.00000e+00 -1.00000e+00
+7.06653e+03 -1.00000e+00 -1.00000e+00 -1.00000e+00
+7.06666e+03 -1.00000e+00 -1.00000e+00 -1.00000e+00
+7.06679e+03 -1.00000e+00 -1.00000e+00 -1.00000e+00
+7.06692e+03 -1.00000e+00 -1.00000e+00 -1.00000e+00
+7.06705e+03 -1.00000e+00 -1.00000e+00 -1.00000e+00
+7.06718e+03 -1.00000e+00 -1.00000e+00 -1.00000e+00
+7.06731e+03 -1.00000e+00 -1.00000e+00 -1.00000e+00
+7.06744e+03 -1.00000e+00 -1.00000e+00 -1.00000e+00
+7.06756e+03 -1.00000e+00 -1.00000e+00 -1.00000e+00
+7.06769e+03 -1.00000e+00 -1.00000e+00 -1.00000e+00
+7.06782e+03 -1.00000e+00 -1.00000e+00 -1.00000e+00
+7.06795e+03 -1.00000e+00 -1.00000e+00 -1.00000e+00
+7.06808e+03 -1.00000e+00 -1.00000e+00 -1.00000e+00
+7.06821e+03 -1.00000e+00 -1.00000e+00 -1.00000e+00
+7.06834e+03 -1.00000e+00 -1.00000e+00 -1.00000e+00
+7.06847e+03 -1.00000e+00 -1.00000e+00 -1.00000e+00
+7.06860e+03 -1.00000e+00 -1.00000e+00 -1.00000e+00
+7.06873e+03 -1.00000e+00 -1.00000e+00 -1.00000e+00
+7.06886e+03 -1.00000e+00 -1.00000e+00 -1.00000e+00
+7.06899e+03 -1.00000e+00 -1.00000e+00 -1.00000e+00
+7.06912e+03 -1.00000e+00 -1.00000e+00 -1.00000e+00
+7.06925e+03 -1.00000e+00 -1.00000e+00 -1.00000e+00
+7.06938e+03 -1.00000e+00 -1.00000e+00 -1.00000e+00
+7.06951e+03 -1.00000e+00 -1.00000e+00 -1.00000e+00
+7.06964e+03 -1.00000e+00 -1.00000e+00 -1.00000e+00
+7.06977e+03 -1.00000e+00 -1.00000e+00 -1.00000e+00
+7.06990e+03 -1.00000e+00 -1.00000e+00 -1.00000e+00
+7.07003e+03 -1.00000e+00 -1.00000e+00 -1.00000e+00
+7.07015e+03 -1.00000e+00 -1.00000e+00 -1.00000e+00
+7.07028e+03 -1.00000e+00 -1.00000e+00 -1.00000e+00
+7.07041e+03 -1.00000e+00 -1.00000e+00 -1.00000e+00
+7.07054e+03 -1.00000e+00 -1.00000e+00 -1.00000e+00
+7.07067e+03 -1.00000e+00 -1.00000e+00 -1.00000e+00
+7.07080e+03 -1.00000e+00 -1.00000e+00 -1.00000e+00
+7.07093e+03 -1.00000e+00 -1.00000e+00 -1.00000e+00
+7.07106e+03 -1.00000e+00 -1.00000e+00 -1.00000e+00
+7.07119e+03 -1.00000e+00 -1.00000e+00 -1.00000e+00
+7.07132e+03 -1.00000e+00 -1.00000e+00 -1.00000e+00
+7.07145e+03 -1.00000e+00 -1.00000e+00 -1.00000e+00
+7.07158e+03 -1.00000e+00 -1.00000e+00 -1.00000e+00
+7.07171e+03 -1.00000e+00 -1.00000e+00 -1.00000e+00
+7.07184e+03 -1.00000e+00 -1.00000e+00 -1.00000e+00
+7.07197e+03 -1.00000e+00 -1.00000e+00 -1.00000e+00
+7.07210e+03 -1.00000e+00 -1.00000e+00 -1.00000e+00
+7.07223e+03 -1.00000e+00 -1.00000e+00 -1.00000e+00
+7.07236e+03 -1.00000e+00 -1.00000e+00 -1.00000e+00
+7.07249e+03 -1.00000e+00 -1.00000e+00 -1.00000e+00
+7.07262e+03 -1.00000e+00 -1.00000e+00 -1.00000e+00
+7.07274e+03 -1.00000e+00 -1.00000e+00 -1.00000e+00
+7.07287e+03 -1.00000e+00 -1.00000e+00 -1.00000e+00
+7.07300e+03 -1.00000e+00 -1.00000e+00 -1.00000e+00
+7.07313e+03 -1.00000e+00 -1.00000e+00 -1.00000e+00
+7.07326e+03 -1.00000e+00 -1.00000e+00 -1.00000e+00
+7.07339e+03 -1.00000e+00 -1.00000e+00 -1.00000e+00
+7.07352e+03 -1.00000e+00 -1.00000e+00 -1.00000e+00
+7.07365e+03 -1.00000e+00 -1.00000e+00 -1.00000e+00
+7.07378e+03 -1.00000e+00 -1.00000e+00 -1.00000e+00
+7.07391e+03 -1.00000e+00 -1.00000e+00 -1.00000e+00
+7.07404e+03 -1.00000e+00 -1.00000e+00 -1.00000e+00
+7.07417e+03 -1.00000e+00 -1.00000e+00 -1.00000e+00
+7.07430e+03 -1.00000e+00 -1.00000e+00 -1.00000e+00
+7.07443e+03 -1.00000e+00 -1.00000e+00 -1.00000e+00
+7.07456e+03 -1.00000e+00 -1.00000e+00 -1.00000e+00
+7.07469e+03 -1.00000e+00 -1.00000e+00 -1.00000e+00
+7.07482e+03 -1.00000e+00 -1.00000e+00 -1.00000e+00
+7.07495e+03 -1.00000e+00 -1.00000e+00 -1.00000e+00
+7.07508e+03 -1.00000e+00 -1.00000e+00 -1.00000e+00
+7.07521e+03 -1.00000e+00 -1.00000e+00 -1.00000e+00
+7.07534e+03 -1.00000e+00 -1.00000e+00 -1.00000e+00
+7.07546e+03 -1.00000e+00 -1.00000e+00 -1.00000e+00
+7.07559e+03 -1.00000e+00 -1.00000e+00 -1.00000e+00
+7.07572e+03 -1.00000e+00 -1.00000e+00 -1.00000e+00
+7.07585e+03 -1.00000e+00 -1.00000e+00 -1.00000e+00
+7.07598e+03 -1.00000e+00 -1.00000e+00 -1.00000e+00
+7.07611e+03 -1.00000e+00 -1.00000e+00 -1.00000e+00
+7.07624e+03 -1.00000e+00 -1.00000e+00 -1.00000e+00
+7.07637e+03 -1.00000e+00 -1.00000e+00 -1.00000e+00
+7.07650e+03 -1.00000e+00 -1.00000e+00 -1.00000e+00
+7.07663e+03 -1.00000e+00 -1.00000e+00 -1.00000e+00
+7.07676e+03 -1.00000e+00 -1.00000e+00 -1.00000e+00
+7.07689e+03 -1.00000e+00 -1.00000e+00 -1.00000e+00
+7.07702e+03 -1.00000e+00 -1.00000e+00 -1.00000e+00
+7.07715e+03 -1.00000e+00 -1.00000e+00 -1.00000e+00
+7.07728e+03 -1.00000e+00 -1.00000e+00 -1.00000e+00
+7.07741e+03 -1.00000e+00 -1.00000e+00 -1.00000e+00
+7.07754e+03 -1.00000e+00 -1.00000e+00 -1.00000e+00
+7.07767e+03 -1.00000e+00 -1.00000e+00 -1.00000e+00
+7.07780e+03 -1.00000e+00 -1.00000e+00 -1.00000e+00
+7.07793e+03 -1.00000e+00 -1.00000e+00 -1.00000e+00
+7.07805e+03 -1.00000e+00 -1.00000e+00 -1.00000e+00
+7.07818e+03 -1.00000e+00 -1.00000e+00 -1.00000e+00
+7.07831e+03 -1.00000e+00 -1.00000e+00 -1.00000e+00
+7.07844e+03 -1.00000e+00 -1.00000e+00 -1.00000e+00
+7.07857e+03 -1.00000e+00 -1.00000e+00 -1.00000e+00
+7.07870e+03 -1.00000e+00 -1.00000e+00 -1.00000e+00
+7.07883e+03 -1.00000e+00 -1.00000e+00 -1.00000e+00
+7.07896e+03 -1.00000e+00 -1.00000e+00 -1.00000e+00
+7.07909e+03 -1.00000e+00 -1.00000e+00 -1.00000e+00
+7.07922e+03 -1.00000e+00 -1.00000e+00 -1.00000e+00
+7.07935e+03 -1.00000e+00 -1.00000e+00 -1.00000e+00
+7.07948e+03 -1.00000e+00 -1.00000e+00 -1.00000e+00
+7.07961e+03 -1.00000e+00 -1.00000e+00 -1.00000e+00
+7.07974e+03 -1.00000e+00 -1.00000e+00 -1.00000e+00
+7.07987e+03 -1.00000e+00 -1.00000e+00 -1.00000e+00
+7.08000e+03 -1.00000e+00 -1.00000e+00 -1.00000e+00
+7.08013e+03 -1.00000e+00 -1.00000e+00 -1.00000e+00
+7.08026e+03 -1.00000e+00 -1.00000e+00 -1.00000e+00
+7.08039e+03 -1.00000e+00 -1.00000e+00 -1.00000e+00
+7.08052e+03 -1.00000e+00 -1.00000e+00 -1.00000e+00
+7.08064e+03 -1.00000e+00 -1.00000e+00 -1.00000e+00
+7.08077e+03 -1.00000e+00 -1.00000e+00 -1.00000e+00
+7.08090e+03 -1.00000e+00 -1.00000e+00 -1.00000e+00
+7.08103e+03 -1.00000e+00 -1.00000e+00 -1.00000e+00
+7.08116e+03 -1.00000e+00 -1.00000e+00 -1.00000e+00
+7.08129e+03 -1.00000e+00 -1.00000e+00 -1.00000e+00
+7.08142e+03 -1.00000e+00 -1.00000e+00 -1.00000e+00
+7.08155e+03 -1.00000e+00 -1.00000e+00 -1.00000e+00
+7.08168e+03 -1.00000e+00 -1.00000e+00 -1.00000e+00
+7.08181e+03 -1.00000e+00 -1.00000e+00 -1.00000e+00
+7.08194e+03 -1.00000e+00 -1.00000e+00 -1.00000e+00
+7.08207e+03 -1.00000e+00 -1.00000e+00 -1.00000e+00
+7.08220e+03 -1.00000e+00 -1.00000e+00 -1.00000e+00
+7.08233e+03 -1.00000e+00 -1.00000e+00 -1.00000e+00
+7.08246e+03 -1.00000e+00 -1.00000e+00 -1.00000e+00
+7.08259e+03 -1.00000e+00 -1.00000e+00 -1.00000e+00
+7.08272e+03 -1.00000e+00 -1.00000e+00 -1.00000e+00
+7.08285e+03 -1.00000e+00 -1.00000e+00 -1.00000e+00
+7.08298e+03 -1.00000e+00 -1.00000e+00 -1.00000e+00
+7.08310e+03 -1.00000e+00 -1.00000e+00 -1.00000e+00
+7.08323e+03 -1.00000e+00 -1.00000e+00 -1.00000e+00
+7.08336e+03 -1.00000e+00 -1.00000e+00 -1.00000e+00
+7.08349e+03 -1.00000e+00 -1.00000e+00 -1.00000e+00
+7.08362e+03 -1.00000e+00 -1.00000e+00 -1.00000e+00
+7.08375e+03 -1.00000e+00 -1.00000e+00 -1.00000e+00
+7.08388e+03 -1.00000e+00 -1.00000e+00 -1.00000e+00
+7.08401e+03 -1.00000e+00 -1.00000e+00 -1.00000e+00
+7.08414e+03 -1.00000e+00 -1.00000e+00 -1.00000e+00
+7.08427e+03 -1.00000e+00 -1.00000e+00 -1.00000e+00
+7.08440e+03 -1.00000e+00 -1.00000e+00 -1.00000e+00
+7.08453e+03 -1.00000e+00 -1.00000e+00 -1.00000e+00
+7.08466e+03 -1.00000e+00 -1.00000e+00 -1.00000e+00
+7.08479e+03 -1.00000e+00 -1.00000e+00 -1.00000e+00
+7.08492e+03 -1.00000e+00 -1.00000e+00 -1.00000e+00
+7.08505e+03 -1.00000e+00 -1.00000e+00 -1.00000e+00
+7.08518e+03 -1.00000e+00 -1.00000e+00 -1.00000e+00
+7.08531e+03 -1.00000e+00 -1.00000e+00 -1.00000e+00
+7.08544e+03 -1.00000e+00 -1.00000e+00 -1.00000e+00
+7.08557e+03 -1.00000e+00 -1.00000e+00 -1.00000e+00
+7.08569e+03 -1.00000e+00 -1.00000e+00 -1.00000e+00
+7.08582e+03 -1.00000e+00 -1.00000e+00 -1.00000e+00
+7.08595e+03 -1.00000e+00 -1.00000e+00 -1.00000e+00
+7.08608e+03 -1.00000e+00 -1.00000e+00 -1.00000e+00
+7.08621e+03 -1.00000e+00 -1.00000e+00 -1.00000e+00
+7.08634e+03 -1.00000e+00 -1.00000e+00 -1.00000e+00
+7.08647e+03 -1.00000e+00 -1.00000e+00 -1.00000e+00
+7.08660e+03 -1.00000e+00 -1.00000e+00 -1.00000e+00
+7.08673e+03 -1.00000e+00 -1.00000e+00 -1.00000e+00
+7.08686e+03 -1.00000e+00 -1.00000e+00 -1.00000e+00
+7.08699e+03 -1.00000e+00 -1.00000e+00 -1.00000e+00
+7.08712e+03 -1.00000e+00 -1.00000e+00 -1.00000e+00
+7.08725e+03 -1.00000e+00 -1.00000e+00 -1.00000e+00
+7.08738e+03 -1.00000e+00 -1.00000e+00 -1.00000e+00
+7.08751e+03 -1.00000e+00 -1.00000e+00 -1.00000e+00
+7.08764e+03 -1.00000e+00 -1.00000e+00 -1.00000e+00
+7.08777e+03 -1.00000e+00 -1.00000e+00 -1.00000e+00
+7.08790e+03 -1.00000e+00 -1.00000e+00 -1.00000e+00
+7.08803e+03 -1.00000e+00 -1.00000e+00 -1.00000e+00
+7.08816e+03 -1.00000e+00 -1.00000e+00 -1.00000e+00
+7.08828e+03 -1.00000e+00 -1.00000e+00 -1.00000e+00
+7.08841e+03 -1.00000e+00 -1.00000e+00 -1.00000e+00
+7.08854e+03 -1.00000e+00 -1.00000e+00 -1.00000e+00
+7.08867e+03 -1.00000e+00 -1.00000e+00 -1.00000e+00
+7.08880e+03 -1.00000e+00 -1.00000e+00 -1.00000e+00
+7.08893e+03 -1.00000e+00 -1.00000e+00 -1.00000e+00
+7.08906e+03 -1.00000e+00 -1.00000e+00 -1.00000e+00
+7.08919e+03 -1.00000e+00 -1.00000e+00 -1.00000e+00
+7.08932e+03 -1.00000e+00 -1.00000e+00 -1.00000e+00
+7.08945e+03 -1.00000e+00 -1.00000e+00 -1.00000e+00
+7.08958e+03 -1.00000e+00 -1.00000e+00 -1.00000e+00
+7.08971e+03 -1.00000e+00 -1.00000e+00 -1.00000e+00
+7.08984e+03 -1.00000e+00 -1.00000e+00 -1.00000e+00
+7.08997e+03 -1.00000e+00 -1.00000e+00 -1.00000e+00
+7.09010e+03 -1.00000e+00 -1.00000e+00 -1.00000e+00
+7.09023e+03 -1.00000e+00 -1.00000e+00 -1.00000e+00
+7.09036e+03 -1.00000e+00 -1.00000e+00 -1.00000e+00
+7.09049e+03 -1.00000e+00 -1.00000e+00 -1.00000e+00
+7.09062e+03 -1.00000e+00 -1.00000e+00 -1.00000e+00
+7.09075e+03 -1.00000e+00 -1.00000e+00 -1.00000e+00
+7.09088e+03 -1.00000e+00 -1.00000e+00 -1.00000e+00
+7.09100e+03 -1.00000e+00 -1.00000e+00 -1.00000e+00
+7.09113e+03 -1.00000e+00 -1.00000e+00 -1.00000e+00
+7.09126e+03 -1.00000e+00 -1.00000e+00 -1.00000e+00
+7.09139e+03 -1.00000e+00 -1.00000e+00 -1.00000e+00
+7.09152e+03 -1.00000e+00 -1.00000e+00 -1.00000e+00
+7.09165e+03 -1.00000e+00 -1.00000e+00 -1.00000e+00
+7.09178e+03 -1.00000e+00 -1.00000e+00 -1.00000e+00
+7.09191e+03 -1.00000e+00 -1.00000e+00 -1.00000e+00
+7.09204e+03 -1.00000e+00 -1.00000e+00 -1.00000e+00
+7.09217e+03 -1.00000e+00 -1.00000e+00 -1.00000e+00
+7.09230e+03 -1.00000e+00 -1.00000e+00 -1.00000e+00
+7.09243e+03 -1.00000e+00 -1.00000e+00 -1.00000e+00
+7.09256e+03 -1.00000e+00 -1.00000e+00 -1.00000e+00
+7.09269e+03 -1.00000e+00 -1.00000e+00 -1.00000e+00
+7.09282e+03 -1.00000e+00 -1.00000e+00 -1.00000e+00
+7.09295e+03 -1.00000e+00 -1.00000e+00 -1.00000e+00
+7.09308e+03 -1.00000e+00 -1.00000e+00 -1.00000e+00
+7.09321e+03 -1.00000e+00 -1.00000e+00 -1.00000e+00
+7.09334e+03 -1.00000e+00 -1.00000e+00 -1.00000e+00
+7.09347e+03 -1.00000e+00 -1.00000e+00 -1.00000e+00
+7.09359e+03 -1.00000e+00 -1.00000e+00 -1.00000e+00
+7.09372e+03 -1.00000e+00 -1.00000e+00 -1.00000e+00
+7.09385e+03 -1.00000e+00 -1.00000e+00 -1.00000e+00
+7.09398e+03 -1.00000e+00 -1.00000e+00 -1.00000e+00
+7.09411e+03 -1.00000e+00 -1.00000e+00 -1.00000e+00
+7.09424e+03 -1.00000e+00 -1.00000e+00 -1.00000e+00
+7.09437e+03 -1.00000e+00 -1.00000e+00 -1.00000e+00
+7.09450e+03 -1.00000e+00 -1.00000e+00 -1.00000e+00
+7.09463e+03 -1.00000e+00 -1.00000e+00 -1.00000e+00
+7.09476e+03 -1.00000e+00 -1.00000e+00 -1.00000e+00
+7.09489e+03 -1.00000e+00 -1.00000e+00 -1.00000e+00
+7.09502e+03 -1.00000e+00 -1.00000e+00 -1.00000e+00
+7.09515e+03 -1.00000e+00 -1.00000e+00 -1.00000e+00
+7.09528e+03 -1.00000e+00 -1.00000e+00 -1.00000e+00
+7.09541e+03 -1.00000e+00 -1.00000e+00 -1.00000e+00
+7.09554e+03 -1.00000e+00 -1.00000e+00 -1.00000e+00
+7.09567e+03 -1.00000e+00 -1.00000e+00 -1.00000e+00
+7.09580e+03 -1.00000e+00 -1.00000e+00 -1.00000e+00
+7.09593e+03 -1.00000e+00 -1.00000e+00 -1.00000e+00
+7.09606e+03 -1.00000e+00 -1.00000e+00 -1.00000e+00
+7.09618e+03 -1.00000e+00 -1.00000e+00 -1.00000e+00
+7.09631e+03 -1.00000e+00 -1.00000e+00 -1.00000e+00
+7.09644e+03 -1.00000e+00 -1.00000e+00 -1.00000e+00
+7.09657e+03 -1.00000e+00 -1.00000e+00 -1.00000e+00
+7.09670e+03 -1.00000e+00 -1.00000e+00 -1.00000e+00
+7.09683e+03 -1.00000e+00 -1.00000e+00 -1.00000e+00
+7.09696e+03 -1.00000e+00 -1.00000e+00 -1.00000e+00
+7.09709e+03 -1.00000e+00 -1.00000e+00 -1.00000e+00
+7.09722e+03 -1.00000e+00 -1.00000e+00 -1.00000e+00
+7.09735e+03 -1.00000e+00 -1.00000e+00 -1.00000e+00
+7.09748e+03 -1.00000e+00 -1.00000e+00 -1.00000e+00
+7.09761e+03 -1.00000e+00 -1.00000e+00 -1.00000e+00
+7.09774e+03 -1.00000e+00 -1.00000e+00 -1.00000e+00
+7.09787e+03 -1.00000e+00 -1.00000e+00 -1.00000e+00
+7.09800e+03 -1.00000e+00 -1.00000e+00 -1.00000e+00
+7.09813e+03 -1.00000e+00 -1.00000e+00 -1.00000e+00
+7.09826e+03 -1.00000e+00 -1.00000e+00 -1.00000e+00
+7.09839e+03 -1.00000e+00 -1.00000e+00 -1.00000e+00
+7.09852e+03 -1.00000e+00 -1.00000e+00 -1.00000e+00
+7.09865e+03 -1.00000e+00 -1.00000e+00 -1.00000e+00
+7.09877e+03 -1.00000e+00 -1.00000e+00 -1.00000e+00
+7.09890e+03 -1.00000e+00 -1.00000e+00 -1.00000e+00
+7.09903e+03 -1.00000e+00 -1.00000e+00 -1.00000e+00
+7.09916e+03 -1.00000e+00 -1.00000e+00 -1.00000e+00
+7.09929e+03 -1.00000e+00 -1.00000e+00 -1.00000e+00
+7.09942e+03 -1.00000e+00 -1.00000e+00 -1.00000e+00
+7.09955e+03 -1.00000e+00 -1.00000e+00 -1.00000e+00
+7.09968e+03 -1.00000e+00 -1.00000e+00 -1.00000e+00
+7.09981e+03 -1.00000e+00 -1.00000e+00 -1.00000e+00
+7.09994e+03 -1.00000e+00 -1.00000e+00 -1.00000e+00
+7.10007e+03 -1.00000e+00 -1.00000e+00 -1.00000e+00
+7.10020e+03 -1.00000e+00 -1.00000e+00 -1.00000e+00
+7.10033e+03 -1.00000e+00 -1.00000e+00 -1.00000e+00
+7.10046e+03 -1.00000e+00 -1.00000e+00 -1.00000e+00
+7.10059e+03 -1.00000e+00 -1.00000e+00 -1.00000e+00
+7.10072e+03 -1.00000e+00 -1.00000e+00 -1.00000e+00
+7.10085e+03 -1.00000e+00 -1.00000e+00 -1.00000e+00
+7.10098e+03 -1.00000e+00 -1.00000e+00 -1.00000e+00
+7.10111e+03 -1.00000e+00 -1.00000e+00 -1.00000e+00
+7.10123e+03 -1.00000e+00 -1.00000e+00 -1.00000e+00
+7.10136e+03 -1.00000e+00 -1.00000e+00 -1.00000e+00
+7.10149e+03 -1.00000e+00 -1.00000e+00 -1.00000e+00
+7.10162e+03 -1.00000e+00 -1.00000e+00 -1.00000e+00
+7.10175e+03 -1.00000e+00 -1.00000e+00 -1.00000e+00
+7.10188e+03 -1.00000e+00 -1.00000e+00 -1.00000e+00
+7.10201e+03 -1.00000e+00 -1.00000e+00 -1.00000e+00
+7.10214e+03 -1.00000e+00 -1.00000e+00 -1.00000e+00
+7.10227e+03 -1.00000e+00 -1.00000e+00 -1.00000e+00
+7.10240e+03 -1.00000e+00 -1.00000e+00 -1.00000e+00
+7.10253e+03 -1.00000e+00 -1.00000e+00 -1.00000e+00
+7.10266e+03 -1.00000e+00 -1.00000e+00 -1.00000e+00
+7.10279e+03 -1.00000e+00 -1.00000e+00 -1.00000e+00
+7.10292e+03 -1.00000e+00 -1.00000e+00 -1.00000e+00
+7.10305e+03 -1.00000e+00 -1.00000e+00 -1.00000e+00
+7.10318e+03 -1.00000e+00 -1.00000e+00 -1.00000e+00
+7.10331e+03 -1.00000e+00 +2.98619e-01 -1.00000e+00
+7.10344e+03 -1.00000e+00 -1.00000e+00 -1.00000e+00
+7.10357e+03 -1.00000e+00 +1.24098e+00 -1.00000e+00
+7.10370e+03 -1.00000e+00 -1.00000e+00 -1.00000e+00
+7.10382e+03 -1.00000e+00 -1.00000e+00 -1.00000e+00
+7.10395e+03 -1.00000e+00 -1.00000e+00 -1.00000e+00
+7.10408e+03 -1.00000e+00 -1.00000e+00 -1.00000e+00
+7.10421e+03 -1.00000e+00 -1.00000e+00 -1.00000e+00
+7.10434e+03 -1.00000e+00 -1.00000e+00 -1.00000e+00
+7.10447e+03 -1.00000e+00 -1.00000e+00 -1.00000e+00
+7.10460e+03 -1.00000e+00 -1.00000e+00 -1.00000e+00
+7.10473e+03 -1.00000e+00 -1.00000e+00 -1.00000e+00
+7.10486e+03 -1.00000e+00 -1.00000e+00 -1.00000e+00
+7.10499e+03 -1.00000e+00 -1.00000e+00 -1.00000e+00
+7.10512e+03 -1.00000e+00 -1.00000e+00 -1.00000e+00
+7.10525e+03 -1.00000e+00 -1.00000e+00 -1.00000e+00
+7.10538e+03 -1.00000e+00 -1.00000e+00 -1.00000e+00
+7.10551e+03 -1.00000e+00 -1.00000e+00 -1.00000e+00
+7.10564e+03 -1.00000e+00 -1.00000e+00 -1.00000e+00
+7.10577e+03 -1.00000e+00 -1.00000e+00 -1.00000e+00
+7.10590e+03 -1.00000e+00 -1.00000e+00 -1.00000e+00
+7.10603e+03 -1.00000e+00 -1.00000e+00 -1.00000e+00
+7.10616e+03 -1.00000e+00 -1.00000e+00 -1.00000e+00
+7.10629e+03 -1.00000e+00 -1.00000e+00 -1.00000e+00
+7.10641e+03 -1.00000e+00 -1.00000e+00 -1.00000e+00
+7.10654e+03 -1.00000e+00 -1.00000e+00 -1.00000e+00
+7.10667e+03 -1.00000e+00 -1.00000e+00 -1.00000e+00
+7.10680e+03 -1.00000e+00 -1.00000e+00 -1.00000e+00
+7.10693e+03 -1.00000e+00 -1.00000e+00 -1.00000e+00
+7.10706e+03 -1.00000e+00 -1.00000e+00 -1.00000e+00
+7.10719e+03 -1.00000e+00 -1.00000e+00 -1.00000e+00
+7.10732e+03 -1.00000e+00 -1.00000e+00 -1.00000e+00
+7.10745e+03 -1.00000e+00 -1.00000e+00 -1.00000e+00
+7.10758e+03 -1.00000e+00 -1.00000e+00 -1.00000e+00
+7.10771e+03 -1.00000e+00 -1.00000e+00 -1.00000e+00
+7.10784e+03 -1.00000e+00 -1.00000e+00 -1.00000e+00
+7.10797e+03 -1.00000e+00 -1.00000e+00 -1.00000e+00
+7.10810e+03 -1.00000e+00 -1.00000e+00 -1.00000e+00
+7.10823e+03 -1.00000e+00 -1.00000e+00 -1.00000e+00
+7.10836e+03 -1.00000e+00 -1.00000e+00 -1.00000e+00
+7.10849e+03 -1.00000e+00 -1.00000e+00 -1.00000e+00
+7.10862e+03 -1.00000e+00 -1.00000e+00 -1.00000e+00
+7.10875e+03 -1.00000e+00 -1.00000e+00 -1.00000e+00
+7.10888e+03 -1.00000e+00 -1.00000e+00 -1.00000e+00
+7.10901e+03 -1.00000e+00 -1.00000e+00 -1.00000e+00
+7.10913e+03 -1.00000e+00 -1.00000e+00 -1.00000e+00
+7.10926e+03 -1.00000e+00 -1.00000e+00 -1.00000e+00
+7.10939e+03 -2.70682e-01 -1.00000e+00 -1.00000e+00
+7.10952e+03 -1.95097e-01 -1.00000e+00 -1.00000e+00
+7.10965e+03 -3.97586e-01 -1.00000e+00 -1.00000e+00
+7.10978e+03 -2.28005e-01 -1.00000e+00 -1.00000e+00
+7.10991e+03 -1.30508e-01 -1.00000e+00 -1.00000e+00
+7.11004e+03 -9.69107e-02 -1.00000e+00 -1.00000e+00
+7.11017e+03 -8.17871e-02 -1.00000e+00 -1.00000e+00
+7.11030e+03 +3.37458e-02 -1.00000e+00 -1.00000e+00
+7.11043e+03 -1.98791e-01 -1.00000e+00 -1.00000e+00
+7.11056e+03 -6.26058e-02 -1.00000e+00 -1.00000e+00
+7.11069e+03 -1.42588e-01 -1.00000e+00 -1.00000e+00
+7.11082e+03 -3.79938e-02 -1.00000e+00 -1.00000e+00
+7.11095e+03 -7.25636e-02 -1.00000e+00 -1.00000e+00
+7.11108e+03 -4.08365e-02 -1.00000e+00 -1.00000e+00
+7.11121e+03 +4.30136e-02 -1.00000e+00 -1.00000e+00
+7.11134e+03 +5.25784e-02 -1.00000e+00 -1.00000e+00
+7.11147e+03 +1.17129e-02 -1.00000e+00 -1.00000e+00
+7.11160e+03 -1.79498e-01 -1.00000e+00 -1.00000e+00
+7.11172e+03 -1.61638e-01 -1.00000e+00 -1.00000e+00
+7.11185e+03 -7.78722e-02 -1.00000e+00 -1.00000e+00
+7.11198e+03 -2.47440e-01 -1.00000e+00 -1.00000e+00
+7.11211e+03 -1.33976e-01 -1.00000e+00 -1.00000e+00
+7.11224e+03 -9.13776e-02 -1.00000e+00 -1.00000e+00
+7.11237e+03 -1.12795e-01 -1.00000e+00 -1.00000e+00
+7.11250e+03 +1.21349e-01 -1.00000e+00 -1.00000e+00
+7.11263e+03 +9.79191e-03 -1.00000e+00 -1.00000e+00
+7.11276e+03 +2.75866e-02 -1.00000e+00 -1.00000e+00
+7.11289e+03 -5.40464e-02 -1.00000e+00 -1.00000e+00
+7.11302e+03 -3.62227e-02 -1.00000e+00 -1.00000e+00
+7.11315e+03 -1.97157e-02 -1.00000e+00 -1.00000e+00
+7.11328e+03 -1.05984e-01 -1.00000e+00 -1.00000e+00
+7.11341e+03 -2.03380e-02 -1.00000e+00 -1.00000e+00
+7.11354e+03 +1.94875e-03 -1.00000e+00 -1.00000e+00
+7.11367e+03 -1.04961e-01 -1.00000e+00 -1.00000e+00
+7.11380e+03 +1.15647e-02 -1.00000e+00 -1.00000e+00
+7.11393e+03 -1.09919e-02 -1.00000e+00 -1.00000e+00
+7.11406e+03 -4.13058e-02 -1.00000e+00 -1.00000e+00
+7.11419e+03 -7.10486e-03 +5.36279e-03 -1.00000e+00
+7.11431e+03 -3.59366e-02 +5.33959e-01 -1.00000e+00
+7.11444e+03 -3.40265e-03 +7.19398e-01 -1.00000e+00
+7.11457e+03 +2.97103e-02 +9.77327e-01 -1.00000e+00
+7.11470e+03 +1.98951e-02 +1.15779e-01 -1.00000e+00
+7.11483e+03 -1.96521e-02 -1.00000e+00 -1.00000e+00
+7.11496e+03 -9.12890e-03 -1.00000e+00 -1.34117e-01
+7.11509e+03 +7.77042e-03 -1.00000e+00 -3.83005e-02
+7.11522e+03 +6.23824e-02 -1.00000e+00 +2.07113e-01
+7.11535e+03 -8.60792e-02 -1.00000e+00 -7.75520e-02
+7.11548e+03 +2.69286e-02 -1.00000e+00 -7.29061e-02
+7.11561e+03 -9.46215e-02 -1.00000e+00 -1.01000e-01
+7.11574e+03 -1.64726e-01 -1.00000e+00 -1.98037e-01
+7.11587e+03 -1.12928e-01 -1.00000e+00 -5.93361e-04
+7.11600e+03 -1.63701e-01 -1.00000e+00 -1.14550e-01
+7.11613e+03 -6.24527e-02 -1.00000e+00 -1.89477e-02
+7.11626e+03 -6.27900e-02 -1.00000e+00 -8.56882e-02
+7.11639e+03 -7.83981e-02 -1.00000e+00 -1.80166e-02
+7.11652e+03 -1.65312e-02 -1.00000e+00 -4.41354e-02
+7.11665e+03 -2.23883e-02 -1.00000e+00 -5.82225e-03
+7.11677e+03 -7.21993e-02 -1.00000e+00 +6.14756e-02
+7.11690e+03 -3.17533e-02 -1.00000e+00 +2.53431e-02
+7.11703e+03 -2.13663e-02 -1.00000e+00 +3.00510e-02
+7.11716e+03 -3.65786e-02 -1.00000e+00 +9.95560e-03
+7.11729e+03 +3.50744e-02 -1.00000e+00 +5.36315e-02
+7.11742e+03 -5.80867e-02 -1.00000e+00 +2.94932e-03
+7.11755e+03 -7.21647e-02 -1.00000e+00 +5.43634e-02
+7.11768e+03 -1.05171e-01 -1.00000e+00 +3.81291e-02
+7.11781e+03 -9.11081e-02 -1.00000e+00 +2.94008e-02
+7.11794e+03 -1.51209e-01 -1.00000e+00 +2.38793e-02
+7.11807e+03 -6.77219e-02 -1.00000e+00 +9.20724e-03
+7.11820e+03 -1.57859e-03 -1.00000e+00 +1.81247e-02
+7.11833e+03 -2.29378e-02 +2.61785e-01 +1.22043e-02
+7.11846e+03 -5.45969e-02 -1.00000e+00 +1.23652e-02
+7.11859e+03 -4.70754e-02 +1.15854e-01 +5.51374e-03
+7.11872e+03 -4.17405e-02 +7.39382e-02 +1.10269e-02
+7.11885e+03 -6.41606e-02 -1.00000e+00 +1.04905e-02
+7.11898e+03 -2.88078e-02 -1.79731e-02 +7.95087e-03
+7.11911e+03 -3.35056e-02 -6.10984e-02 +2.21708e-04
+7.11924e+03 -2.25489e-02 +9.50336e-03 +9.62654e-03
+7.11936e+03 -3.56080e-02 +1.79316e-01 +1.76837e-02
+7.11949e+03 -4.48390e-02 -3.69866e-02 -3.04845e-03
+7.11962e+03 -3.23421e-02 -2.66797e-02 +1.20858e-02
+7.11975e+03 -2.40043e-02 -9.68932e-02 -1.02504e-03
+7.11988e+03 -2.40573e-02 +5.78407e-02 -4.43125e-03
+7.12001e+03 -3.38726e-03 +1.29150e-01 +9.50038e-03
+7.12014e+03 +2.54921e-02 +2.55242e-02 +4.13840e-02
+7.12027e+03 +1.09313e-03 +6.91912e-02 +6.42044e-02
+7.12040e+03 +1.56957e-02 +6.98217e-02 -1.21750e-02
+7.12053e+03 +2.30098e-02 +1.25263e-02 +2.48885e-02
+7.12066e+03 -2.86704e-03 -2.39935e-02 -8.84701e-02
+7.12079e+03 +3.92019e-04 -4.41146e-02 -2.36474e-02
+7.12092e+03 -1.40143e-02 +1.11200e-03 -1.10429e-01
+7.12105e+03 -2.35574e-02 -4.72964e-02 -5.29458e-02
+7.12118e+03 -3.88996e-02 -2.46545e-03 -5.15995e-02
+7.12131e+03 -4.94645e-02 -5.91748e-02 -2.83048e-02
+7.12144e+03 +2.37013e-03 -2.54677e-03 +4.88416e-03
+7.12157e+03 -4.55421e-03 -1.73788e-03 -1.71692e-03
+7.12170e+03 +3.49035e-02 -3.38928e-03 -3.63003e-02
+7.12183e+03 +3.20837e-02 +1.57550e-01 -5.81474e-02
+7.12195e+03 +1.76352e-03 +1.02337e-01 -9.40054e-02
+7.12208e+03 -2.14042e-02 +1.26647e-02 -7.76196e-04
+7.12221e+03 -3.11411e-03 +2.16224e-01 -5.17396e-02
+7.12234e+03 -3.34544e-02 +1.18601e-01 -4.13595e-02
+7.12247e+03 -1.02702e-02 +7.11106e-02 -7.01861e-02
+7.12260e+03 -3.05096e-02 -9.39154e-02 +2.17744e-02
+7.12273e+03 -2.01143e-02 -8.74375e-03 +8.58388e-03
+7.12286e+03 -3.99236e-02 +8.96288e-02 +3.33086e-02
+7.12299e+03 +1.01737e-02 +5.81735e-02 +1.32550e-01
+7.12312e+03 -1.09328e-02 +7.05466e-02 +1.07234e-01
+7.12325e+03 -1.43442e-02 +7.03617e-02 +1.13434e-01
+7.12338e+03 -9.78990e-02 +1.52195e-01 +9.74460e-02
+7.12351e+03 -1.10469e-01 +2.40212e-02 +7.27898e-02
+7.12364e+03 -7.34677e-02 +6.07658e-02 +6.27297e-02
+7.12377e+03 -3.36887e-02 +1.92896e-03 +5.29638e-02
+7.12390e+03 -6.98151e-02 -2.49090e-02 +4.15695e-02
+7.12403e+03 -4.66777e-02 -1.62527e-02 +3.57070e-02
+7.12416e+03 -5.28597e-02 +9.51145e-03 +2.84776e-02
+7.12429e+03 +1.87858e-03 +1.83232e-03 +1.92640e-02
+7.12442e+03 +2.92216e-02 +5.45689e-02 +5.77508e-03
+7.12455e+03 +1.31056e-02 +3.43698e-02 +3.06823e-03
+7.12467e+03 +5.65041e-02 +6.36188e-02 +1.27865e-02
+7.12480e+03 +1.70159e-03 +1.67118e-02 +7.10750e-03
+7.12493e+03 -2.26584e-02 +4.14345e-02 +5.83735e-03
+7.12506e+03 -4.86045e-02 +6.24086e-03 +5.69677e-03
+7.12519e+03 -7.05374e-02 -5.14369e-03 +2.02399e-02
+7.12532e+03 -3.52516e-02 +3.42313e-02 +1.60600e-02
+7.12545e+03 -1.70410e-02 -1.67638e-02 +3.68973e-02
+7.12558e+03 -6.04416e-02 -1.01037e-02 +4.37218e-02
+7.12571e+03 -3.95118e-02 +1.59999e-02 +3.55962e-02
+7.12584e+03 -8.00349e-02 +4.88268e-02 +3.13173e-02
+7.12597e+03 -7.17465e-02 +3.42010e-02 +1.86387e-02
+7.12610e+03 -2.09857e-02 +2.33162e-02 +5.04785e-03
+7.12623e+03 -1.51422e-02 +1.32939e-02 -1.57007e-02
+7.12636e+03 -2.19067e-02 +9.14198e-02 -9.38906e-04
+7.12649e+03 -2.12710e-03 +6.89693e-02 +3.04689e-03
+7.12662e+03 +9.10749e-02 +5.24600e-02 +1.87042e-02
+7.12675e+03 +5.27512e-02 +5.44171e-02 +2.58746e-02
+7.12688e+03 +1.13558e-01 +5.64063e-02 +2.39338e-02
+7.12701e+03 -4.06690e-02 +9.39831e-02 +4.27220e-02
+7.12714e+03 +5.10255e-02 +2.78522e-02 +4.65571e-02
+7.12726e+03 -7.44368e-03 -2.33938e-02 -7.63951e-03
+7.12739e+03 +1.12338e-02 -4.73356e-03 -9.36344e-03
+7.12752e+03 -2.01047e-02 +3.74783e-03 +1.47696e-02
+7.12765e+03 -3.92732e-02 +2.39195e-02 +3.28226e-02
+7.12778e+03 -6.42540e-02 +1.25668e-01 +5.08291e-02
+7.12791e+03 -4.42808e-02 +1.76389e-01 +7.99863e-02
+7.12804e+03 -1.45369e-02 +1.32161e-01 +5.66613e-02
+7.12817e+03 -5.78640e-02 +1.27599e-01 +5.51701e-02
+7.12830e+03 -5.21916e-02 +6.86397e-02 +3.17295e-02
+7.12843e+03 +9.69926e-03 +2.57941e-02 -9.38375e-03
+7.12856e+03 -3.42443e-02 +1.07908e-01 +1.66719e-02
+7.12869e+03 -1.57262e-02 +6.99303e-02 +3.92927e-03
+7.12882e+03 +1.76914e-02 +5.03889e-02 +5.16983e-02
+7.12895e+03 +2.47350e-02 +4.30230e-02 +1.56577e-02
+7.12908e+03 +4.71200e-04 -3.95219e-02 +2.34131e-02
+7.12921e+03 -6.99076e-02 +1.96253e-02 +7.24526e-02
+7.12934e+03 -7.18584e-02 +4.42822e-02 +4.71678e-02
+7.12947e+03 -3.54401e-02 -4.18384e-03 +6.41720e-02
+7.12960e+03 -8.57102e-02 -1.41312e-03 +3.27810e-02
+7.12973e+03 -9.66679e-02 +3.21349e-03 +4.17233e-02
+7.12985e+03 -5.13141e-02 +6.20445e-02 +3.40456e-03
+7.12998e+03 -9.48065e-03 -2.60848e-02 -4.11557e-03
+7.13011e+03 +2.21497e-02 +7.82915e-04 -1.22812e-03
+7.13024e+03 -6.09703e-02 -7.39006e-02 +1.18455e-02
+7.13037e+03 -5.83797e-02 +6.97547e-03 -8.58782e-03
+7.13050e+03 +2.84874e-02 -4.42190e-02 -2.29815e-02
+7.13063e+03 +1.21686e-02 -5.74507e-02 +4.01268e-02
+7.13076e+03 +7.42011e-02 -2.37310e-02 +6.40548e-02
+7.13089e+03 +7.95756e-02 -1.78153e-02 -2.55100e-03
+7.13102e+03 +7.68518e-02 -2.02440e-02 +1.04816e-01
+7.13115e+03 -2.98247e-03 +5.38626e-02 +8.39837e-02
+7.13128e+03 -1.70393e-02 +4.37790e-02 +3.27525e-02
+7.13141e+03 -6.86816e-02 +5.30744e-02 +8.33280e-02
+7.13154e+03 -1.18309e-02 +3.31697e-02 +7.93588e-02
+7.13167e+03 -7.32390e-03 +2.55805e-02 +8.05144e-02
+7.13180e+03 -1.96629e-02 +3.85749e-02 +7.06943e-02
+7.13193e+03 +5.33031e-02 +2.21667e-02 +6.23657e-02
+7.13206e+03 -3.99263e-02 +1.76671e-02 +1.89788e-02
+7.13219e+03 -1.26381e-01 -3.21804e-04 -7.16091e-03
+7.13231e+03 +3.76381e-02 -1.56428e-02 +3.76774e-03
+7.13244e+03 +3.94382e-02 -4.30941e-03 -1.73183e-02
+7.13257e+03 -2.89098e-02 -6.03091e-03 +1.85476e-02
+7.13270e+03 +1.79566e-02 -8.75769e-03 +1.81117e-02
+7.13283e+03 +7.00629e-02 +6.29500e-03 +3.78215e-02
+7.13296e+03 -6.31308e-02 +1.49908e-02 +1.83562e-02
+7.13309e+03 -7.92622e-02 +4.86239e-02 +1.54627e-02
+7.13322e+03 -8.07211e-02 +7.05728e-02 +4.26947e-02
+7.13335e+03 -8.04877e-02 +6.10480e-02 +1.69141e-03
+7.13348e+03 -1.26608e-02 +6.70594e-02 +1.94207e-03
+7.13361e+03 -1.05095e-01 +7.11018e-02 +1.10288e-02
+7.13374e+03 -1.70785e-03 +3.29069e-02 +4.82698e-02
+7.13387e+03 +4.62886e-02 +7.49299e-02 -2.58574e-02
+7.13400e+03 +9.15273e-02 +3.10855e-02 -2.26662e-02
+7.13413e+03 +7.13144e-02 +2.38287e-02 -2.27438e-02
+7.13426e+03 +5.04700e-02 +1.50633e-02 +1.47120e-02
+7.13439e+03 +4.71560e-02 +3.66469e-02 -3.36472e-02
+7.13452e+03 +4.38311e-02 +4.41329e-02 -1.15926e-02
+7.13465e+03 +7.69451e-03 +3.67095e-02 -2.96348e-02
+7.13478e+03 +2.05197e-02 +4.83188e-04 +1.02217e-02
+7.13490e+03 +7.01629e-03 +1.82339e-02 +6.55947e-04
+7.13503e+03 +4.57776e-03 -5.09849e-03 -5.45757e-03
+7.13516e+03 +1.66852e-02 +1.12586e-02 -4.63040e-03
+7.13529e+03 -9.36271e-04 -4.08997e-04 -3.92503e-03
+7.13542e+03 +7.19272e-03 +2.35607e-02 +7.79553e-03
+7.13555e+03 +9.80312e-04 -4.47325e-03 +2.05828e-02
+7.13568e+03 +1.53254e-02 +3.44339e-03 +8.64271e-04
+7.13581e+03 +7.99348e-03 +4.86825e-02 +1.92181e-02
+7.13594e+03 +1.07951e-02 +7.11557e-03 +1.01027e-03
+7.13607e+03 +4.83938e-03 +8.02957e-02 +1.95321e-02
+7.13620e+03 +8.19814e-03 +9.22659e-02 +2.49537e-03
+7.13633e+03 -1.04381e-03 +7.80419e-02 +1.25063e-02
+7.13646e+03 +7.27938e-03 +4.82030e-03 +1.81365e-03
+7.13659e+03 +1.86315e-02 +1.75549e-02 +1.06298e-02
+7.13672e+03 +1.88771e-02 +1.09085e-02 +1.39629e-02
+7.13685e+03 +1.67196e-02 +1.06033e-01 +8.01762e-03
+7.13698e+03 +2.07007e-02 -5.59382e-02 +3.99723e-02
+7.13711e+03 +3.82588e-02 -8.32289e-02 +2.37284e-02
+7.13724e+03 +3.54973e-02 -6.42153e-02 +1.52732e-02
+7.13737e+03 +6.22790e-02 -2.18121e-02 +1.95533e-02
+7.13749e+03 -1.37124e-02 -1.06110e-01 +1.87629e-02
+7.13762e+03 +2.75478e-02 -3.34589e-02 +2.58783e-03
+7.13775e+03 -3.16489e-02 -6.91442e-02 -2.02233e-02
+7.13788e+03 -2.47622e-02 -3.35555e-02 -7.87474e-03
+7.13801e+03 -2.22241e-02 +5.44050e-02 -3.91229e-02
+7.13814e+03 -9.36308e-03 +8.96327e-03 -7.28122e-04
+7.13827e+03 -5.04088e-02 -2.96753e-02 -1.61578e-02
+7.13840e+03 -6.27085e-02 +5.18569e-02 +6.74042e-04
+7.13853e+03 -4.76377e-02 +2.37423e-02 +6.98855e-02
+7.13866e+03 -1.07451e-01 -1.62680e-03 +6.13763e-02
+7.13879e+03 -7.83411e-02 -3.51024e-02 +7.69155e-03
+7.13892e+03 -9.26309e-02 +2.44491e-02 +3.81387e-03
+7.13905e+03 -6.50990e-02 -6.42574e-02 +8.13302e-03
+7.13918e+03 -1.44706e-01 -4.00945e-02 -1.93637e-02
+7.13931e+03 -1.59868e-02 -8.45340e-02 -3.46097e-02
+7.13944e+03 -1.90405e-01 -4.12064e-02 -3.08026e-02
+7.13957e+03 -1.32233e-01 -5.17386e-02 -3.31602e-02
+7.13970e+03 -1.13567e-01 +1.61360e-02 -2.64538e-02
+7.13983e+03 -1.11782e-01 -2.10862e-02 -6.70843e-02
+7.13996e+03 -8.84022e-02 -1.40278e-02 -3.79961e-02
+7.14009e+03 -6.99013e-02 -6.83476e-02 -3.94220e-02
+7.14021e+03 -4.11756e-02 -1.23490e-01 -4.82847e-02
+7.14034e+03 -2.91162e-02 -1.32906e-01 +1.85969e-02
+7.14047e+03 -1.70311e-02 -7.09257e-03 +1.06782e-02
+7.14060e+03 +1.54794e-03 -4.39365e-03 -4.27241e-02
+7.14073e+03 -1.35333e-03 -1.49391e-01 +1.62308e-02
+7.14086e+03 +9.03428e-03 -1.89638e-01 -5.51704e-02
+7.14099e+03 -1.73170e-02 -1.34386e-01 +3.42288e-02
+7.14112e+03 -7.46766e-03 -2.19948e-01 +3.53176e-02
+7.14125e+03 -3.90353e-02 -3.67514e-02 +2.25548e-02
+7.14138e+03 -6.39100e-02 -9.03307e-02 +3.14151e-02
+7.14151e+03 -4.92547e-02 +3.26365e-03 +2.35294e-02
+7.14164e+03 -1.54173e-02 +6.40532e-02 +8.62088e-02
+7.14177e+03 -7.32602e-02 -6.14910e-02 +2.42544e-02
+7.14190e+03 -3.42556e-02 -1.20475e-02 +3.05439e-02
+7.14203e+03 -4.88309e-02 -4.66670e-02 +2.71200e-02
+7.14216e+03 -1.06036e-01 -8.67602e-02 -1.34477e-02
+7.14229e+03 -6.76268e-02 -1.27192e-01 -4.79174e-02
+7.14242e+03 -6.58924e-02 +1.94616e-02 -6.72985e-02
+7.14255e+03 -5.03795e-02 +5.09989e-02 -4.37462e-02
+7.14268e+03 -1.39459e-01 -1.55274e-02 -1.07933e-01
+7.14280e+03 -8.25859e-02 -9.47588e-03 -4.76275e-02
+7.14293e+03 -1.38097e-01 +1.18780e-01 -3.96525e-02
+7.14306e+03 -1.21771e-01 +1.51974e-01 -6.65404e-02
+7.14319e+03 -3.29040e-02 +1.81240e-02 -7.18356e-02
+7.14332e+03 -4.10564e-02 +6.49691e-02 -4.23498e-02
+7.14345e+03 -2.98370e-02 +1.72601e-02 -5.25883e-02
+7.14358e+03 -2.10593e-02 -2.13027e-02 -1.19903e-02
+7.14371e+03 -6.48554e-02 -4.26525e-02 -2.71683e-02
+7.14384e+03 -7.62549e-03 -4.22260e-02 -2.62347e-02
+7.14397e+03 -1.74126e-02 -6.17720e-02 -4.16586e-03
+7.14410e+03 -1.77668e-02 -5.24596e-02 -5.45140e-02
+7.14423e+03 -8.36588e-03 -5.48289e-02 +2.30671e-03
+7.14436e+03 -1.48769e-02 -5.39509e-02 +1.68402e-02
+7.14449e+03 -2.44876e-02 -2.45452e-02 +3.49567e-02
+7.14462e+03 -4.48099e-02 +3.31414e-02 +4.37051e-02
+7.14475e+03 -4.65664e-03 -5.79791e-02 +6.38559e-03
+7.14488e+03 -2.95655e-02 -6.22978e-02 -4.10779e-02
+7.14501e+03 -7.20614e-03 -1.45554e-02 -3.93419e-02
+7.14514e+03 -2.23265e-02 -2.96709e-03 -8.58537e-03
+7.14527e+03 -1.99910e-02 -3.83769e-02 -2.46158e-02
+7.14539e+03 -2.35214e-02 -8.23445e-02 -4.98210e-02
+7.14552e+03 -1.46095e-02 -1.83092e-01 -7.34231e-02
+7.14565e+03 -3.04672e-02 -7.44195e-02 -4.28379e-02
+7.14578e+03 +1.69399e-03 -1.56516e-01 +9.70711e-04
+7.14591e+03 -8.91884e-03 -5.13960e-02 -7.71613e-02
+7.14604e+03 -2.25001e-02 +4.91159e-02 -2.77107e-02
+7.14617e+03 -9.25152e-03 -9.91864e-02 +1.56078e-02
+7.14630e+03 -2.73305e-03 -8.81152e-03 -5.69526e-02
+7.14643e+03 -1.57609e-02 -3.74005e-02 +5.57245e-02
+7.14656e+03 -4.64815e-02 -2.18347e-02 -2.64941e-02
+7.14669e+03 +3.02220e-03 -9.86847e-03 +2.83214e-02
+7.14682e+03 +4.34206e-02 -1.49023e-02 +8.46685e-02
+7.14695e+03 +4.28774e-02 +3.28182e-02 +2.79139e-02
+7.14708e+03 -1.15207e-01 +1.22456e-02 -2.87692e-02
+7.14721e+03 +1.01781e-02 +1.49127e-02 -2.21637e-02
+7.14734e+03 -1.67161e-01 +3.58868e-02 -2.22031e-02
+7.14747e+03 +1.88349e-02 +3.55284e-03 -5.48998e-02
+7.14760e+03 -9.43517e-02 -1.80911e-02 -2.23187e-02
+7.14773e+03 -6.32145e-02 +1.41567e-05 -1.95435e-02
+7.14785e+03 -9.66676e-02 -2.22231e-02 -2.08638e-02
+7.14798e+03 -1.39564e-01 +6.00357e-04 -4.80976e-02
+7.14811e+03 -1.40842e-01 +2.04752e-04 -3.20431e-02
+7.14824e+03 -1.31757e-01 +1.69446e-02 +1.50515e-02
+7.14837e+03 -1.00217e-01 -2.13841e-02 -2.43806e-02
+7.14850e+03 -1.04176e-01 +3.01316e-03 -2.51890e-02
+7.14863e+03 -9.33891e-02 +1.71834e-04 -1.05234e-01
+7.14876e+03 -6.82426e-02 +1.81231e-02 -6.29077e-02
+7.14889e+03 -9.32746e-02 +7.72399e-03 -1.39783e-01
+7.14902e+03 -1.65831e-02 +1.89956e-02 -6.58487e-02
+7.14915e+03 -2.29980e-02 -2.09896e-02 -1.88831e-01
+7.14928e+03 -9.01774e-02 +2.09443e-02 +4.46596e-02
+7.14941e+03 -8.92248e-02 +1.35789e-02 -2.02140e-01
+7.14954e+03 -5.32675e-02 -9.48088e-03 -1.35030e-01
+7.14967e+03 -9.11326e-02 -2.31934e-02 -8.58324e-02
+7.14980e+03 +3.88772e-04 -4.00602e-02 -2.30133e-01
+7.14993e+03 -9.88688e-03 -4.44633e-02 -2.55474e-01
+7.15006e+03 -4.94744e-02 -3.91734e-04 -1.14798e-01
+7.15019e+03 -1.47535e-02 -2.61905e-02 -9.50583e-02
+7.15032e+03 -7.52105e-02 -1.13129e-02 -3.30384e-01
+7.15044e+03 +1.68669e-02 +3.10106e-02 -2.68018e-01
+7.15057e+03 -1.21271e-02 +2.09011e-02 -2.28821e-01
+7.15070e+03 -5.94098e-03 +1.17707e-01 -2.11138e-01
+7.15083e+03 -1.17677e-02 -2.18619e-02 -1.38860e-01
+7.15096e+03 +1.69806e-02 +7.29187e-02 -1.14376e-01
+7.15109e+03 +7.76875e-03 +3.47337e-02 -1.81172e-01
+7.15122e+03 -3.29426e-03 +1.95599e-02 -1.14692e-02
+7.15135e+03 -1.85336e-02 +1.58715e-02 -1.17417e-01
+7.15148e+03 +1.57611e-02 -6.55116e-03 -4.55206e-02
+7.15161e+03 +1.68182e-02 -1.48187e-02 -5.40778e-02
+7.15174e+03 +2.19664e-02 -1.43430e-02 -4.26503e-02
+7.15187e+03 +2.64053e-02 -2.39973e-02 -3.26839e-02
+7.15200e+03 +2.96399e-02 -9.36368e-03 -2.89031e-02
+7.15213e+03 +4.37966e-02 +2.37789e-02 -4.08181e-02
+7.15226e+03 +6.10425e-03 +3.04761e-02 -9.24824e-02
+7.15239e+03 +2.65466e-02 +3.63026e-02 -9.54834e-02
+7.15252e+03 -1.53869e-03 +5.13790e-02 +6.64411e-02
+7.15265e+03 +7.73124e-03 +4.63972e-02 +7.47473e-02
+7.15278e+03 +1.41599e-02 +3.34840e-02 +4.99596e-02
+7.15291e+03 -6.03647e-04 +4.50433e-02 -4.80000e-02
+7.15303e+03 +2.44918e-02 -1.66518e-02 +7.90389e-03
+7.15316e+03 +2.71601e-02 -1.48889e-02 -1.01352e-01
+7.15329e+03 +4.47093e-02 -1.06962e-02 -1.50453e-01
+7.15342e+03 +2.92106e-02 -3.17486e-02 -1.04255e-01
+7.15355e+03 +3.31406e-02 -9.56464e-04 -1.00000e+00
+7.15368e+03 +6.04258e-02 +5.15939e-04 -1.00000e+00
+7.15381e+03 +2.42009e-02 -3.31089e-02 -1.00000e+00
+7.15394e+03 +1.85327e-02 +1.55012e-02 -1.00000e+00
+7.15407e+03 -1.90103e-02 +1.80744e-02 -1.00000e+00
+7.15420e+03 -5.35709e-02 +6.31378e-03 -1.00000e+00
+7.15433e+03 -3.58853e-02 +2.67878e-03 -1.00000e+00
+7.15446e+03 -2.64119e-02 +4.96763e-03 -1.00000e+00
+7.15459e+03 -4.20074e-03 +1.06865e-02 -1.00000e+00
+7.15472e+03 -1.82074e-02 +2.69867e-02 -1.00000e+00
+7.15485e+03 -8.41028e-02 +1.37047e-02 -1.00000e+00
+7.15498e+03 -8.62962e-02 +5.35808e-02 -2.91874e-01
+7.15511e+03 -4.01983e-03 +2.13816e-02 -9.75385e-02
+7.15524e+03 +4.41014e-04 +3.12187e-02 -2.25349e-01
+7.15537e+03 +2.58750e-02 +3.56822e-02 +2.81456e-01
+7.15550e+03 +2.36374e-02 +5.25870e-02 -2.36019e-01
+7.15562e+03 -9.83828e-02 -1.75414e-03 -1.07783e-01
+7.15575e+03 -6.75300e-03 +1.90080e-02 +3.07451e-01
+7.15588e+03 +3.46669e-02 -2.59251e-02 -2.53130e-01
+7.15601e+03 +8.44598e-02 -2.79987e-02 -2.25948e-01
+7.15614e+03 -7.28839e-02 +1.68431e-02 -1.31250e-01
+7.15627e+03 -8.52469e-02 -2.06573e-02 +1.92524e-01
+7.15640e+03 -5.98979e-02 +1.39447e-02 -7.00253e-02
+7.15653e+03 -1.16970e-01 -6.40862e-04 +1.94351e-02
+7.15666e+03 -1.11209e-01 +5.52139e-02 -2.17782e-01
+7.15679e+03 -6.12225e-02 +4.26225e-02 -1.00000e+00
+7.15692e+03 -1.60485e-01 +2.04558e-02 -1.00000e+00
+7.15705e+03 -1.21812e-01 +6.96285e-02 -1.00000e+00
+7.15718e+03 +2.88252e-02 -9.62599e-03 -1.00000e+00
+7.15731e+03 -2.70235e-02 -3.47686e-04 -1.00000e+00
+7.15744e+03 -1.39380e-01 -9.13469e-02 -1.00000e+00
+7.15757e+03 -1.54544e-01 +6.43867e-03 -1.00000e+00
+7.15770e+03 -1.25952e-01 +5.23250e-02 -1.25058e-01
+7.15783e+03 -8.39568e-02 -1.44662e-02 -2.31427e-01
+7.15796e+03 -4.93522e-03 +1.01296e-01 +5.23308e-02
+7.15809e+03 -1.12489e-01 +3.25080e-02 -1.76866e-01
+7.15822e+03 -1.55436e-05 +6.95835e-02 -2.40145e-02
+7.15834e+03 -2.15455e-03 -3.44246e-02 -9.02045e-02
+7.15847e+03 +2.80616e-03 +7.07193e-03 -1.06075e-01
+7.15860e+03 -6.33106e-02 -2.13078e-02 -1.55990e-01
+7.15873e+03 -6.95234e-02 -5.30807e-02 +4.18631e-02
+7.15886e+03 -9.27214e-02 -3.86198e-02 -1.16897e-01
+7.15899e+03 -1.39389e-01 -6.35348e-03 -1.66831e-01
+7.15912e+03 +6.08425e-02 +2.68386e-02 -5.90627e-02
+7.15925e+03 -1.88224e-01 -2.62316e-02 -7.57974e-02
+7.15938e+03 +8.31493e-02 +1.04802e-02 -1.00000e+00
+7.15951e+03 -9.49355e-02 +4.41260e-02 -1.00000e+00
+7.15964e+03 -2.47691e-01 +3.94847e-02 -1.00000e+00
+7.15977e+03 -4.65057e-02 +7.28450e-02 -1.00000e+00
+7.15990e+03 -2.11050e-01 +8.83246e-02 -1.00000e+00
+7.16003e+03 -1.05653e-01 +2.26240e-02 -1.00000e+00
+7.16016e+03 -7.69653e-03 -5.71009e-02 -4.40263e-02
+7.16029e+03 +1.90273e-02 +3.40778e-02 -1.99033e-02
+7.16042e+03 -1.85177e-02 -1.29765e-02 -1.52510e-01
+7.16055e+03 +5.24727e-02 -1.29476e-02 -1.49154e-01
+7.16068e+03 -4.67126e-02 +7.48488e-02 -2.17114e-01
+7.16081e+03 -2.01777e-02 +1.97602e-02 -1.49038e-01
+7.16093e+03 -3.80055e-02 +1.67487e-02 -1.72115e-01
+7.16106e+03 -4.26101e-02 +1.60249e-01 -9.50556e-02
+7.16119e+03 +7.33931e-05 +2.50433e-02 -1.08427e-01
+7.16132e+03 -2.35375e-02 +4.24975e-02 -1.94584e-02
+7.16145e+03 -1.32445e-02 -2.68589e-02 -2.84525e-02
+7.16158e+03 -5.38902e-02 +1.05568e-02 -5.83638e-02
+7.16171e+03 -4.58453e-02 +2.38957e-02 -4.29319e-02
+7.16184e+03 -2.00793e-02 -5.14300e-03 +1.95550e-01
+7.16197e+03 -1.67372e-02 +9.24742e-02 -1.00000e+00
+7.16210e+03 +5.14829e-02 -4.56622e-03 -1.00000e+00
+7.16223e+03 -2.01372e-02 +6.98365e-02 -1.00000e+00
+7.16236e+03 -6.98907e-03 +8.48937e-02 -1.00000e+00
+7.16249e+03 -1.93969e-02 -2.03021e-02 -1.00000e+00
+7.16262e+03 -1.81451e-02 -6.28877e-02 -1.00000e+00
+7.16275e+03 -2.41664e-02 -1.51741e-03 -1.00000e+00
+7.16288e+03 +2.66606e-03 +8.63922e-02 -1.00000e+00
+7.16301e+03 +7.86958e-03 -4.38281e-02 -1.00000e+00
+7.16314e+03 -1.79275e-02 -1.10556e-01 -1.00000e+00
+7.16327e+03 +4.05513e-02 -1.88117e-02 -1.00000e+00
+7.16340e+03 -7.73123e-03 -2.37831e-02 -1.00000e+00
+7.16352e+03 +3.72995e-02 -6.82729e-02 -1.00000e+00
+7.16365e+03 +5.16799e-02 -6.00085e-02 -1.00000e+00
+7.16378e+03 +7.00504e-03 +5.88754e-02 -1.00000e+00
+7.16391e+03 -5.58782e-02 +1.22787e-02 -1.00000e+00
+7.16404e+03 +2.73741e-02 +1.71343e-01 -1.00000e+00
+7.16417e+03 -3.60698e-02 -3.45578e-02 -1.00000e+00
+7.16430e+03 -8.77887e-02 -2.13571e-01 -1.00000e+00
+7.16443e+03 -1.42518e-01 -6.48849e-02 -1.00000e+00
+7.16456e+03 -1.10526e-02 -6.99590e-02 -1.00000e+00
+7.16469e+03 -2.92742e-02 +6.89530e-02 +1.66274e+00
+7.16482e+03 -1.36573e-01 -2.28198e-01 -2.16237e-02
+7.16495e+03 -3.31528e-02 -7.93523e-02 +3.90372e-03
+7.16508e+03 +7.38446e-03 -1.88692e-01 -1.60699e-01
+7.16521e+03 +5.79912e-02 +1.61325e-02 -1.68757e-01
+7.16534e+03 -2.57923e-01 -3.32775e-02 -1.00000e+00
+7.16547e+03 -1.00000e+00 -2.25381e-01 -1.00000e+00
+7.16560e+03 -1.00000e+00 -7.30674e-02 -1.00000e+00
+7.16573e+03 -1.00000e+00 -2.77975e-01 -1.00000e+00
+7.16586e+03 -1.00000e+00 -3.25959e-01 -1.00000e+00
+7.16598e+03 -1.00000e+00 -3.56461e-02 -1.00000e+00
+7.16611e+03 -1.00000e+00 -1.00000e+00 -1.00000e+00
+7.16624e+03 -1.00000e+00 -1.00000e+00 -1.00000e+00
+7.16637e+03 -1.00000e+00 -1.00000e+00 -1.00000e+00
+7.16650e+03 -1.00000e+00 -1.00000e+00 -1.00000e+00
+7.16663e+03 -2.88229e-01 -1.00000e+00 -1.00000e+00
+7.16676e+03 -3.08684e-01 -1.00000e+00 -1.00000e+00
+7.16689e+03 -2.73616e-01 -1.00000e+00 -1.00000e+00
+7.16702e+03 -1.00111e-01 -1.00000e+00 -1.00000e+00
+7.16715e+03 -7.47989e-02 -1.00000e+00 -1.00000e+00
+7.16728e+03 -4.12283e-01 -1.00000e+00 -1.00000e+00
+7.16741e+03 -1.00000e+00 -1.00000e+00 -1.00000e+00
+7.16754e+03 -1.00000e+00 -1.00000e+00 -1.00000e+00
+7.16767e+03 -1.00000e+00 -1.00000e+00 -1.00000e+00
+7.16780e+03 -1.00000e+00 -1.00000e+00 -1.00000e+00
+7.16793e+03 -1.00000e+00 -1.00000e+00 -1.00000e+00
+7.16806e+03 -1.00000e+00 -1.00000e+00 -1.00000e+00
+7.16819e+03 -1.00000e+00 -1.00000e+00 -1.00000e+00
+7.16832e+03 -1.00000e+00 -1.00000e+00 -1.00000e+00
+7.16845e+03 -1.00000e+00 -1.00000e+00 -1.00000e+00
+7.16857e+03 -1.00000e+00 -1.00000e+00 -1.00000e+00
+7.16870e+03 -1.00000e+00 -1.00000e+00 -1.00000e+00
+7.16883e+03 -1.00000e+00 -1.00000e+00 -1.00000e+00
+7.16896e+03 -1.00000e+00 -1.00000e+00 -1.00000e+00
+7.16909e+03 -1.00000e+00 -1.00000e+00 -1.00000e+00
+7.16922e+03 -1.00000e+00 -1.00000e+00 -1.00000e+00
+7.16935e+03 -1.00000e+00 -1.00000e+00 -1.00000e+00
+7.16948e+03 -1.00000e+00 -1.00000e+00 -1.00000e+00
+7.16961e+03 -1.00000e+00 -1.00000e+00 -1.00000e+00
+7.16974e+03 -1.00000e+00 -1.00000e+00 -1.00000e+00
+7.16987e+03 -1.00000e+00 -1.00000e+00 -1.00000e+00
+7.17000e+03 -1.00000e+00 -1.00000e+00 -1.00000e+00
+7.17013e+03 -1.00000e+00 -1.00000e+00 -1.00000e+00
+7.17026e+03 -1.00000e+00 +6.11691e-01 -1.00000e+00
+7.17039e+03 -1.00000e+00 -3.18932e-01 -1.00000e+00
+7.17052e+03 -1.00000e+00 +1.20058e-01 -1.00000e+00
+7.17065e+03 -1.00000e+00 -1.00000e+00 -1.00000e+00
+7.17078e+03 -1.00000e+00 -1.00000e+00 -1.00000e+00
+7.17091e+03 -1.00000e+00 -1.00000e+00 -1.00000e+00
+7.17104e+03 -1.00000e+00 -1.00000e+00 -1.00000e+00
+7.17116e+03 -1.00000e+00 -1.00000e+00 -1.00000e+00
+7.17129e+03 -1.00000e+00 -1.00000e+00 -1.00000e+00
+7.17142e+03 -1.00000e+00 -1.00000e+00 -1.00000e+00
+7.17155e+03 -1.00000e+00 -1.00000e+00 -1.00000e+00
+7.17168e+03 -1.00000e+00 -1.00000e+00 -1.00000e+00
+7.17181e+03 -1.00000e+00 -1.00000e+00 -1.00000e+00
+7.17194e+03 -1.00000e+00 -1.00000e+00 -1.00000e+00
+7.17207e+03 -1.00000e+00 -1.00000e+00 -1.00000e+00
+7.17220e+03 -1.00000e+00 -1.00000e+00 -1.00000e+00
+7.17233e+03 -1.00000e+00 -1.00000e+00 -1.00000e+00
+7.17246e+03 -1.00000e+00 -1.00000e+00 -1.00000e+00
+7.17259e+03 -1.00000e+00 -1.00000e+00 -1.00000e+00
+7.17272e+03 -1.00000e+00 -1.00000e+00 -1.00000e+00
+7.17285e+03 -1.00000e+00 -1.00000e+00 -1.00000e+00
+7.17298e+03 -1.00000e+00 -1.00000e+00 -1.00000e+00
+7.17311e+03 -1.00000e+00 -1.00000e+00 -1.00000e+00
+7.17324e+03 -1.00000e+00 -1.00000e+00 -1.00000e+00
+7.17337e+03 -1.00000e+00 -1.00000e+00 -1.00000e+00
+7.17350e+03 -1.00000e+00 -1.00000e+00 -1.00000e+00
+7.17363e+03 -1.00000e+00 -1.00000e+00 -1.00000e+00
+7.17376e+03 -1.00000e+00 -1.00000e+00 -1.00000e+00
+7.17388e+03 -1.00000e+00 -1.00000e+00 -1.00000e+00
+7.17401e+03 -1.00000e+00 -1.00000e+00 -1.00000e+00
+7.17414e+03 -1.00000e+00 -1.00000e+00 -1.00000e+00
+7.17427e+03 -1.00000e+00 -1.00000e+00 -1.00000e+00
+7.17440e+03 -1.00000e+00 -1.00000e+00 -1.00000e+00
+7.17453e+03 -1.00000e+00 -1.00000e+00 -1.00000e+00
+7.17466e+03 -1.00000e+00 -1.00000e+00 -1.00000e+00
+7.17479e+03 -1.00000e+00 -1.00000e+00 -1.00000e+00
+7.17492e+03 -1.00000e+00 -1.00000e+00 -1.00000e+00
+7.17505e+03 -1.00000e+00 -1.00000e+00 -1.00000e+00
+7.17518e+03 -1.00000e+00 -1.00000e+00 -1.00000e+00
+7.17531e+03 -1.00000e+00 -1.00000e+00 -1.00000e+00
+7.17544e+03 -1.00000e+00 -1.00000e+00 -1.00000e+00
+7.17557e+03 -1.00000e+00 -1.00000e+00 -1.00000e+00
+7.17570e+03 -1.00000e+00 -1.00000e+00 -1.00000e+00
+7.17583e+03 -1.00000e+00 -1.00000e+00 -1.00000e+00
+7.17596e+03 -1.00000e+00 -1.00000e+00 -1.00000e+00
+7.17609e+03 -1.00000e+00 -1.00000e+00 -1.00000e+00
+7.17622e+03 -1.00000e+00 -1.00000e+00 -1.00000e+00
+7.17635e+03 -1.00000e+00 -1.00000e+00 -1.00000e+00
+7.17647e+03 -1.00000e+00 -1.00000e+00 -1.00000e+00
+7.17660e+03 -1.00000e+00 -1.00000e+00 -1.00000e+00
+7.17673e+03 -1.00000e+00 -1.00000e+00 -1.00000e+00
+7.17686e+03 -1.00000e+00 -1.00000e+00 -1.00000e+00
+7.17699e+03 -1.00000e+00 -1.00000e+00 -1.00000e+00
+7.17712e+03 -1.00000e+00 -1.00000e+00 -1.00000e+00
+7.17725e+03 -1.00000e+00 -1.00000e+00 -1.00000e+00
+7.17738e+03 -1.00000e+00 -1.00000e+00 -1.00000e+00
+7.17751e+03 -1.00000e+00 -1.00000e+00 -1.00000e+00
+7.17764e+03 -1.00000e+00 -1.00000e+00 -1.00000e+00
+7.17777e+03 -1.00000e+00 -1.00000e+00 -1.00000e+00
+7.17790e+03 -1.00000e+00 -1.00000e+00 -1.00000e+00
+7.17803e+03 -1.00000e+00 -1.00000e+00 -1.00000e+00
+7.17816e+03 -1.00000e+00 -1.00000e+00 -1.00000e+00
+7.17829e+03 -1.00000e+00 -1.00000e+00 -1.00000e+00
+7.17842e+03 -1.00000e+00 -1.00000e+00 -1.00000e+00
+7.17855e+03 -1.00000e+00 -1.00000e+00 -1.00000e+00
+7.17868e+03 -1.00000e+00 -1.00000e+00 -1.00000e+00
+7.17881e+03 -1.00000e+00 -1.00000e+00 -1.00000e+00
+7.17894e+03 -1.00000e+00 -1.00000e+00 -1.00000e+00
+7.17906e+03 -1.00000e+00 -1.00000e+00 -1.00000e+00
+7.17919e+03 -1.00000e+00 -1.00000e+00 -1.00000e+00
+7.17932e+03 -1.00000e+00 -1.00000e+00 -1.00000e+00
+7.17945e+03 -1.00000e+00 -1.00000e+00 -1.00000e+00
+7.17958e+03 -1.00000e+00 -1.00000e+00 -1.00000e+00
+7.17971e+03 -1.00000e+00 -1.00000e+00 -1.00000e+00
+7.17984e+03 -1.00000e+00 -1.00000e+00 -1.00000e+00
+7.17997e+03 -1.00000e+00 -1.00000e+00 -1.00000e+00
+7.18010e+03 -1.00000e+00 -1.00000e+00 -1.00000e+00
+7.18023e+03 -1.00000e+00 -1.00000e+00 -1.00000e+00
+7.18036e+03 -1.00000e+00 -1.00000e+00 -1.00000e+00
+7.18049e+03 -1.00000e+00 -1.00000e+00 -1.00000e+00
+7.18062e+03 -1.00000e+00 -1.00000e+00 -1.00000e+00
+7.18075e+03 -1.00000e+00 -1.00000e+00 -1.00000e+00
+7.18088e+03 -1.00000e+00 -1.00000e+00 -1.00000e+00
+7.18101e+03 -1.00000e+00 -1.00000e+00 -1.00000e+00
+7.18114e+03 -1.00000e+00 -1.00000e+00 -1.00000e+00
+7.18127e+03 -1.00000e+00 -1.00000e+00 -1.00000e+00
+7.18140e+03 -1.00000e+00 -1.00000e+00 -1.00000e+00
+7.18152e+03 -1.00000e+00 -1.00000e+00 -1.00000e+00
+7.18165e+03 -1.00000e+00 -1.00000e+00 -1.00000e+00
+7.18178e+03 -1.00000e+00 -1.00000e+00 -1.00000e+00
+7.18191e+03 -1.00000e+00 -1.00000e+00 -1.00000e+00
+7.18204e+03 -1.00000e+00 -1.00000e+00 -1.00000e+00
+7.18217e+03 -1.00000e+00 -1.00000e+00 -1.00000e+00
+7.18230e+03 -1.00000e+00 -1.00000e+00 -1.00000e+00
+7.18243e+03 -1.00000e+00 -1.00000e+00 -1.00000e+00
+7.18256e+03 -1.00000e+00 -1.00000e+00 -1.00000e+00
+7.18269e+03 -1.00000e+00 -1.00000e+00 -1.00000e+00
+7.18282e+03 -1.00000e+00 -1.00000e+00 -1.00000e+00
+7.18295e+03 -1.00000e+00 -1.00000e+00 -1.00000e+00
+7.18308e+03 -1.00000e+00 -1.00000e+00 -1.00000e+00
+7.18321e+03 -1.00000e+00 -1.00000e+00 -1.00000e+00
+7.18334e+03 -1.00000e+00 -1.00000e+00 -1.00000e+00
+7.18347e+03 -1.00000e+00 -1.00000e+00 -1.00000e+00
+7.18360e+03 -1.00000e+00 -1.00000e+00 -1.00000e+00
+7.18373e+03 -1.00000e+00 -1.00000e+00 -1.00000e+00
+7.18386e+03 -1.00000e+00 -1.00000e+00 -1.00000e+00
+7.18399e+03 -1.00000e+00 -1.00000e+00 -1.00000e+00
+7.18411e+03 -1.00000e+00 -1.00000e+00 -1.00000e+00
+7.18424e+03 -1.00000e+00 -1.00000e+00 -1.00000e+00
+7.18437e+03 -1.00000e+00 -1.00000e+00 -1.00000e+00
+7.18450e+03 -1.00000e+00 -1.00000e+00 -1.00000e+00
+7.18463e+03 -1.00000e+00 -1.00000e+00 -1.00000e+00
+7.18476e+03 -1.00000e+00 -1.00000e+00 -1.00000e+00
+7.18489e+03 -1.00000e+00 -1.00000e+00 -1.00000e+00
+7.18502e+03 -1.00000e+00 -1.00000e+00 -1.00000e+00
+7.18515e+03 -1.00000e+00 -1.00000e+00 -1.00000e+00
+7.18528e+03 -1.00000e+00 -1.00000e+00 -1.00000e+00
+7.18541e+03 -1.00000e+00 -1.00000e+00 -1.00000e+00
+7.18554e+03 -1.00000e+00 -1.00000e+00 -1.00000e+00
+7.18567e+03 -1.00000e+00 -1.00000e+00 -1.00000e+00
+7.18580e+03 -1.00000e+00 -1.00000e+00 -1.00000e+00
+7.18593e+03 -1.00000e+00 -1.00000e+00 -1.00000e+00
+7.18606e+03 -1.00000e+00 -1.00000e+00 -1.00000e+00
+7.18619e+03 -1.00000e+00 -1.00000e+00 -1.00000e+00
+7.18632e+03 -1.00000e+00 -1.00000e+00 -1.00000e+00
+7.18645e+03 -1.00000e+00 -1.00000e+00 -1.00000e+00
+7.18658e+03 -1.00000e+00 -1.00000e+00 -1.00000e+00
+7.18670e+03 -1.00000e+00 -1.00000e+00 -1.00000e+00
+7.18683e+03 -1.00000e+00 -1.00000e+00 -1.00000e+00
+7.18696e+03 -1.00000e+00 -1.00000e+00 -1.00000e+00
+7.18709e+03 -1.00000e+00 -1.00000e+00 -1.00000e+00
+7.18722e+03 -1.00000e+00 -1.00000e+00 -1.00000e+00
+7.18735e+03 -1.00000e+00 -1.00000e+00 -1.00000e+00
+7.18748e+03 -1.00000e+00 -1.00000e+00 -1.00000e+00
+7.18761e+03 -1.00000e+00 -1.00000e+00 -1.00000e+00
+7.18774e+03 -1.00000e+00 -1.00000e+00 -1.00000e+00
+7.18787e+03 -1.00000e+00 -1.00000e+00 -1.00000e+00
+7.18800e+03 -1.00000e+00 -1.00000e+00 -1.00000e+00
+7.18813e+03 -1.00000e+00 -1.00000e+00 -1.00000e+00
+7.18826e+03 -1.00000e+00 -1.00000e+00 -1.00000e+00
+7.18839e+03 -1.00000e+00 -1.00000e+00 -1.00000e+00
+7.18852e+03 -1.00000e+00 -1.00000e+00 -1.00000e+00
+7.18865e+03 -1.00000e+00 -1.00000e+00 -1.00000e+00
+7.18878e+03 -1.00000e+00 -1.00000e+00 -1.00000e+00
+7.18891e+03 -1.00000e+00 -1.00000e+00 -1.00000e+00
+7.18904e+03 -1.00000e+00 -1.00000e+00 -1.00000e+00
+7.18917e+03 -1.00000e+00 -1.00000e+00 -1.00000e+00
+7.18930e+03 -1.00000e+00 -1.00000e+00 -1.00000e+00
+7.18942e+03 -1.00000e+00 -1.00000e+00 -1.00000e+00
+7.18955e+03 -1.00000e+00 -1.00000e+00 -1.00000e+00
+7.18968e+03 -1.00000e+00 -1.00000e+00 -1.00000e+00
+7.18981e+03 -1.00000e+00 -1.00000e+00 -1.00000e+00
+7.18994e+03 -1.00000e+00 -1.00000e+00 -1.00000e+00
+7.19007e+03 -1.00000e+00 -1.00000e+00 -1.00000e+00
+7.19020e+03 -1.00000e+00 -1.00000e+00 -1.00000e+00
+7.19033e+03 -1.00000e+00 -1.00000e+00 -1.00000e+00
+7.19046e+03 -1.00000e+00 -1.00000e+00 -1.00000e+00
+7.19059e+03 -1.00000e+00 -1.00000e+00 -1.00000e+00
+7.19072e+03 -1.00000e+00 -1.00000e+00 -1.00000e+00
+7.19085e+03 -1.00000e+00 -1.00000e+00 -1.00000e+00
+7.19098e+03 -1.00000e+00 -1.00000e+00 -1.00000e+00
