# threshold = 0.02
# E Abs
+7.05850e+03 -1.00000e+00 -1.00000e+00 -1.00000e+00
+7.05863e+03 -1.00000e+00 -1.00000e+00 -1.00000e+00
+7.05876e+03 -1.00000e+00 -1.00000e+00 -1.00000e+00
+7.05889e+03 -1.00000e+00 -1.00000e+00 -1.00000e+00
+7.05902e+03 -1.00000e+00 -1.00000e+00 -1.00000e+00
+7.05915e+03 -1.00000e+00 -1.00000e+00 -1.00000e+00
+7.05928e+03 -1.00000e+00 -1.00000e+00 -1.00000e+00
+7.05941e+03 -1.00000e+00 -1.00000e+00 -1.00000e+00
+7.05954e+03 -1.00000e+00 -1.00000e+00 -1.00000e+00
+7.05967e+03 -1.00000e+00 -1.00000e+00 -1.00000e+00
+7.05980e+03 -1.00000e+00 -1.00000e+00 -1.00000e+00
+7.05992e+03 -1.00000e+00 -1.00000e+00 -1.00000e+00
+7.06005e+03 -1.00000e+00 -1.00000e+00 -1.00000e+00
+7.06018e+03 -1.00000e+00 -1.00000e+00 -1.00000e+00
+7.06031e+03 -1.00000e+00 -1.00000e+00 -1.00000e+00
+7.06044e+03 -1.00000e+00 -1.00000e+00 -1.00000e+00
+7.06057e+03 -1.00000e+00 -1.00000e+00 -1.00000e+00
+7.06070e+03 -1.00000e+00 -1.00000e+00 -1.00000e+00
+7.06083e+03 -1.00000e+00 -1.00000e+00 -1.00000e+00
+7.06096e+03 -1.00000e+00 -1.00000e+00 -1.00000e+00
+7.06109e+03 -1.00000e+00 -1.00000e+00 -1.00000e+00
+7.06122e+03 -1.00000e+00 -1.00000e+00 -1.00000e+00
+7.06135e+03 -1.00000e+00 -1.00000e+00 -1.00000e+00
+7.06148e+03 -1.00000e+00 -1.00000e+00 -1.00000e+00
+7.06161e+03 -1.00000e+00 -1.00000e+00 -1.00000e+00
+7.06174e+03 -1.00000e+00 -1.00000e+00 -1.00000e+00
+7.06187e+03 -1.00000e+00 -1.00000e+00 -1.00000e+00
+7.06200e+03 -1.00000e+00 -1.00000e+00 -1.00000e+00
+7.06213e+03 -1.00000e+00 -1.00000e+00 -1.00000e+00
+7.06226e+03 -1.00000e+00 -1.00000e+00 -1.00000e+00
+7.06239e+03 -1.00000e+00 -1.00000e+00 -1.00000e+00
+7.06251e+03 -1.00000e+00 -1.00000e+00 -1.00000e+00
+7.06264e+03 -1.00000e+00 -1.00000e+00 -1.00000e+00
+7.06277e+03 -1.00000e+00 -1.00000e+00 -1.00000e+00
+7.06290e+03 -1.00000e+00 -1.00000e+00 -1.00000e+00
+7.06303e+03 -1.00000e+00 -1.00000e+00 -1.00000e+00
+7.06316e+03 -1.00000e+00 -1.00000e+00 -1.00000e+00
+7.06329e+03 -1.00000e+00 -1.00000e+00 -1.00000e+00
+7.06342e+03 -1.00000e+00 -1.00000e+00 -1.00000e+00
+7.06355e+03 -1.00000e+00 -1.00000e+00 -1.00000e+00
+7.06368e+03 -1.00000e+00 -1.00000e+00 -1.00000e+00
+7.06381e+03 -1.00000e+00 -1.00000e+00 -1.00000e+00
+7.06394e+03 -1.00000e+00 -1.00000e+00 -1.00000e+00
+7.06407e+03 -1.00000e+00 -1.00000e+00 -1.00000e+00
+7.06420e+03 -1.00000e+00 -1.00000e+00 -1.00000e+00
+7.06433e+03 -1.00000e+00 -1.00000e+00 -1.00000e+00
+7.06446e+03 -1.00000e+00 -1.00000e+00 -1.00000e+00
+7.06459e+03 -2.37553e-01 -1.00000e+00 -1.00000e+00
+7.06472e+03 -4.83021e-02 -1.00000e+00 -1.00000e+00
+7.06485e+03 +1.91539e-02 -1.00000e+00 -1.00000e+00
+7.06498e+03 +6.35164e-02 -1.00000e+00 -1.00000e+00
+7.06510e+03 -6.38639e-03 +1.16974e+00 -1.00000e+00
+7.06523e+03 -3.21569e-04 -1.00000e+00 -1.00000e+00
+7.06536e+03 +4.87543e-02 -1.00000e+00 -1.00000e+00
+7.06549e+03 -3.37925e-01 -3.50383e-01 -1.00000e+00
+7.06562e+03 -2.49801e-01 -1.00000e+00 -1.00000e+00
+7.06575e+03 -1.00000e+00 -1.00000e+00 -1.00000e+00
+7.06588e+03 -1.00000e+00 -1.00000e+00 -1.00000e+00
+7.06601e+03 -1.00000e+00 -1.00000e+00 -1.00000e+00
+7.06614e+03 +1.91273e-01 -1.00000e+00 -1.00000e+00
+7.06627e+03 -1.00000e+00 -1.00000e+00 -1.00000e+00
+7.06640e+03 -1.00000e+00 -1.00000e+00 -1.00000e+00
+7.06653e+03 -1.00000e+00 -2.88626e-01 -1.00000e+00
+7.06666e+03 -1.00000e+00 -1.00000e+00 -1.00000e+00
+7.06679e+03 -1.00000e+00 -2.53637e-01 -1.00000e+00
+7.06692e+03 -7.04105e-03 -2.76695e-01 -1.00000e+00
+7.06705e+03 -1.34081e-01 -3.96231e-01 -1.00000e+00
+7.06718e+03 +4.01767e-02 -2.61454e-01 -1.00000e+00
+7.06731e+03 +3.71039e-03 -6.70399e-02 -1.00000e+00
+7.06744e+03 -1.78021e-01 -2.75492e-02 -1.00000e+00
+7.06756e+03 -1.27383e-01 +9.66635e-02 -1.00000e+00
+7.06769e+03 +1.19544e-01 +4.36748e-02 -1.00000e+00
+7.06782e+03 +1.60013e-01 +1.02884e-01 -1.00000e+00
+7.06795e+03 +1.15475e-01 +1.21973e-02 -1.00000e+00
+7.06808e+03 +3.71658e-02 +3.34281e-02 -1.00000e+00
+7.06821e+03 +6.93806e-02 +6.26792e-02 -1.00000e+00
+7.06834e+03 +9.24208e-02 +4.24121e-02 -1.00000e+00
+7.06847e+03 -4.95618e-02 +1.94925e-01 -1.00000e+00
+7.06860e+03 -1.12108e-01 +1.87181e-01 -1.00000e+00
+7.06873e+03 +8.38425e-03 +7.53930e-03 -1.00000e+00
+7.06886e+03 +2.33134e-01 +6.89964e-02 -1.00000e+00
+7.06899e+03 -1.00000e+00 -1.00000e+00 -1.00000e+00
+7.06912e+03 -2.01967e-01 -1.00000e+00 -1.00000e+00
+7.06925e+03 -2.66472e-01 -1.00000e+00 -1.00000e+00
+7.06938e+03 +1.97859e-02 -1.00000e+00 -1.00000e+00
+7.06951e+03 -1.12926e-01 -1.00000e+00 -1.00000e+00
+7.06964e+03 -2.08429e-01 -1.00000e+00 -1.00000e+00
+7.06977e+03 -4.11520e-02 -2.49358e-01 -1.00000e+00
+7.06990e+03 +9.03971e-02 -1.00000e+00 -1.00000e+00
+7.07003e+03 +7.76988e-02 +4.57408e-02 -1.00000e+00
+7.07015e+03 +5.71351e-02 -1.00000e+00 -1.00000e+00
+7.07028e+03 -2.60388e-02 +1.50542e-01 -1.00000e+00
+7.07041e+03 +1.81128e-01 +4.52347e-02 -1.00000e+00
+7.07054e+03 -1.35635e-01 -1.00000e+00 -1.00000e+00
+7.07067e+03 +5.31588e-02 -1.00000e+00 -1.00000e+00
+7.07080e+03 -6.22136e-02 -1.00000e+00 -1.00000e+00
+7.07093e+03 -2.13700e-01 -1.00000e+00 -1.00000e+00
+7.07106e+03 -1.00483e-01 -1.00000e+00 -1.00000e+00
+7.07119e+03 -1.00000e+00 -1.00000e+00 -1.00000e+00
+7.07132e+03 -1.00000e+00 -1.00000e+00 -1.00000e+00
+7.07145e+03 -1.00000e+00 -1.00000e+00 -1.00000e+00
+7.07158e+03 -1.00000e+00 -1.00000e+00 -1.00000e+00
+7.07171e+03 -2.25104e-01 -1.00000e+00 -1.00000e+00
+7.07184e+03 -1.70254e-01 -1.00000e+00 -1.00000e+00
+7.07197e+03 +3.25768e-01 -1.00000e+00 -1.00000e+00
+7.07210e+03 -1.00000e+00 -1.27252e-01 -1.00000e+00
+7.07223e+03 -1.00000e+00 -1.56622e-02 -1.00000e+00
+7.07236e+03 -3.73982e-04 -1.21219e-01 -1.00000e+00
+7.07249e+03 -1.00000e+00 -1.74561e-01 -1.00000e+00
+7.07262e+03 -1.00000e+00 -2.25886e-01 -1.00000e+00
+7.07274e+03 -1.00000e+00 -1.96770e-01 -1.00000e+00
+7.07287e+03 -1.00000e+00 -1.56563e-01 -1.00000e+00
+7.07300e+03 -1.00000e+00 -1.25282e-01 -1.00000e+00
+7.07313e+03 -1.00000e+00 -2.00275e-01 -1.00000e+00
+7.07326e+03 -1.00000e+00 +1.68445e-01 -1.00000e+00
+7.07339e+03 -1.00000e+00 -6.10451e-02 -1.00000e+00
+7.07352e+03 -1.00000e+00 -2.41998e-01 -1.00000e+00
+7.07365e+03 -1.00000e+00 -2.59196e-01 -1.00000e+00
+7.07378e+03 -1.00000e+00 -3.06080e-01 -1.00000e+00
+7.07391e+03 -1.00000e+00 +1.54559e-02 -1.00000e+00
+7.07404e+03 -1.00000e+00 -2.51582e-01 -1.00000e+00
+7.07417e+03 -1.00000e+00 -4.30186e-01 -1.00000e+00
+7.07430e+03 -1.00000e+00 -3.32758e-02 -1.00000e+00
+7.07443e+03 -1.00000e+00 +1.10475e-02 -1.00000e+00
+7.07456e+03 -1.00000e+00 -1.23811e-01 -1.00000e+00
+7.07469e+03 -1.00000e+00 -2.94348e-01 -1.00000e+00
+7.07482e+03 -1.00000e+00 -2.02657e-01 -1.00000e+00
+7.07495e+03 -1.00000e+00 +1.54641e-02 -1.00000e+00
+7.07508e+03 -1.00000e+00 -5.74791e-02 -1.00000e+00
+7.07521e+03 -1.00000e+00 -9.30642e-02 -1.00000e+00
+7.07534e+03 -1.00000e+00 +7.35036e-03 -1.00000e+00
+7.07546e+03 -2.73356e-01 -1.41431e-02 -1.00000e+00
+7.07559e+03 -1.00000e+00 +1.67675e-02 -1.00000e+00
+7.07572e+03 +8.28425e-03 +1.04966e-01 -1.00000e+00
+7.07585e+03 +7.37220e-03 -3.17185e-02 -1.00000e+00
+7.07598e+03 +2.09851e-01 +8.27087e-03 -1.00000e+00
+7.07611e+03 -4.92475e-03 +4.76777e-02 -1.00000e+00
+7.07624e+03 +1.23151e-01 +8.22436e-03 -1.00000e+00
+7.07637e+03 -1.59130e-01 +5.28700e-02 -1.00000e+00
+7.07650e+03 -6.59699e-02 -1.02069e-02 -1.00000e+00
+7.07663e+03 -3.58999e-02 -5.00330e-02 -1.00000e+00
+7.07676e+03 +5.37613e-02 -2.16494e-03 -1.00000e+00
+7.07689e+03 -2.32254e-01 +7.91226e-03 -1.00000e+00
+7.07702e+03 +1.49472e-02 -1.25795e-01 -1.00000e+00
+7.07715e+03 +4.82928e-02 +1.37261e-02 -1.00000e+00
+7.07728e+03 -1.40510e-01 -3.22311e-02 -1.00000e+00
+7.07741e+03 +9.61196e-03 +1.43283e-02 -1.00000e+00
+7.07754e+03 -1.97113e-01 -6.59261e-02 -1.00000e+00
+7.07767e+03 -3.69781e-01 -1.26682e-01 -1.00000e+00
+7.07780e+03 -2.95376e-01 -2.21232e-02 -1.00000e+00
+7.07793e+03 -6.95112e-02 +2.46534e-02 -1.00000e+00
+7.07805e+03 -1.89954e-01 +4.55810e-03 -1.00000e+00
+7.07818e+03 -2.92641e-01 +1.06068e-02 -1.00000e+00
+7.07831e+03 -1.60796e-01 -1.50050e-02 -1.00000e+00
+7.07844e+03 -4.28460e-02 +4.70132e-04 -1.00000e+00
+7.07857e+03 -7.62460e-02 +7.39524e-02 -1.00000e+00
+7.07870e+03 -1.72923e-01 -2.07813e-02 -1.00000e+00
+7.07883e+03 -1.08128e-01 +3.98409e-03 -1.00000e+00
+7.07896e+03 -1.59331e-01 +7.91701e-02 -1.00000e+00
+7.07909e+03 -6.22685e-02 -6.67165e-02 -1.00000e+00
+7.07922e+03 -1.00000e+00 +6.07674e-03 -1.00000e+00
+7.07935e+03 -1.00000e+00 +1.92644e-01 -1.00000e+00
+7.07948e+03 -1.00000e+00 +1.61305e-02 -1.00000e+00
+7.07961e+03 -1.00000e+00 -3.63191e-02 -1.00000e+00
+7.07974e+03 -1.00000e+00 -1.50359e-01 -1.00000e+00
+7.07987e+03 -1.00000e+00 -1.06429e-01 -1.00000e+00
+7.08000e+03 -1.00000e+00 -4.34945e-02 -1.00000e+00
+7.08013e+03 +1.43765e-01 -5.40714e-02 -1.00000e+00
+7.08026e+03 -1.00000e+00 -1.18589e-01 -1.00000e+00
+7.08039e+03 -1.00000e+00 -2.59240e-02 -1.00000e+00
+7.08052e+03 -1.00000e+00 -1.40093e-01 -1.00000e+00
+7.08064e+03 -1.00000e+00 -1.37788e-01 -1.00000e+00
+7.08077e+03 -1.00000e+00 -3.05977e-01 -1.00000e+00
+7.08090e+03 -1.00000e+00 -5.67142e-02 -2.77960e-01
+7.08103e+03 -1.00000e+00 -2.50243e-01 -9.03684e-02
+7.08116e+03 -1.00000e+00 -3.90934e-01 +9.16490e-02
+7.08129e+03 -1.00000e+00 -4.43125e-01 -1.00000e+00
+7.08142e+03 -4.84458e-01 -1.36153e-01 -1.00000e+00
+7.08155e+03 -1.00000e+00 -1.65974e-01 -1.56910e-01
+7.08168e+03 -1.00000e+00 -2.21811e-01 -1.00000e+00
+7.08181e+03 -1.00000e+00 -7.39759e-02 -1.13089e-01
+7.08194e+03 -1.00000e+00 -1.04197e-01 -1.00000e+00
+7.08207e+03 -1.84207e-01 -1.04134e-02 -1.00000e+00
+7.08220e+03 -4.16914e-01 -4.15429e-03 -1.00000e+00
+7.08233e+03 +8.20264e-02 -3.58303e-02 -2.20721e-01
+7.08246e+03 +8.13392e-02 +9.52454e-02 -1.91533e-01
+7.08259e+03 +5.52174e-01 -1.07949e-01 -1.00000e+00
+7.08272e+03 -1.00000e+00 -1.83434e-01 -1.00000e+00
+7.08285e+03 -1.00000e+00 -1.60815e-01 -2.12013e-01
+7.08298e+03 -1.00000e+00 -2.69982e-02 -1.00000e+00
+7.08310e+03 -4.18498e-01 -1.08809e-01 -1.00000e+00
+7.08323e+03 -1.00000e+00 -4.02448e-01 -1.00000e+00
+7.08336e+03 -1.00000e+00 -2.49833e-01 -1.00000e+00
+7.08349e+03 -1.00000e+00 -2.63113e-01 -2.06333e-02
+7.08362e+03 -1.00000e+00 -1.32950e-01 -1.00000e+00
+7.08375e+03 -1.00000e+00 -2.46974e-01 -1.00000e+00
+7.08388e+03 -1.00000e+00 -2.53079e-01 +1.80751e-01
+7.08401e+03 -1.00000e+00 +8.33974e-02 -1.00000e+00
+7.08414e+03 -1.00000e+00 -1.00000e+00 -1.00000e+00
+7.08427e+03 -1.00000e+00 -1.00000e+00 -1.00000e+00
+7.08440e+03 -1.00000e+00 -1.00000e+00 -1.00000e+00
+7.08453e+03 -1.00000e+00 -1.00000e+00 -1.00000e+00
+7.08466e+03 -1.00000e+00 -1.00000e+00 -1.00000e+00
+7.08479e+03 -1.00000e+00 +7.37452e-01 -1.42885e-01
+7.08492e+03 -1.00000e+00 -1.00660e-01 -8.65481e-02
+7.08505e+03 -1.00000e+00 -1.23771e-01 -1.00000e+00
+7.08518e+03 -1.00000e+00 -1.54142e-01 -1.81049e-01
+7.08531e+03 -1.00000e+00 -3.38538e-02 -3.92212e-02
+7.08544e+03 +2.35855e-02 -1.02455e-01 -1.96070e-01
+7.08557e+03 -1.00000e+00 -1.75378e-02 -1.57020e-01
+7.08569e+03 -1.00000e+00 -5.01781e-02 -1.60547e-01
+7.08582e+03 -1.00000e+00 -6.35239e-02 -6.72866e-02
+7.08595e+03 -1.00000e+00 +1.20855e-02 -6.31198e-02
+7.08608e+03 -1.00000e+00 -1.15044e-02 -1.37338e-02
+7.08621e+03 -1.00000e+00 +2.91356e-02 -6.43607e-03
+7.08634e+03 -1.00000e+00 +3.85504e-02 +1.32660e-02
+7.08647e+03 -1.00000e+00 +3.13864e-02 +3.82656e-03
+7.08660e+03 -1.00000e+00 +2.31881e-02 +2.00467e-02
+7.08673e+03 +2.04093e-01 +4.29618e-02 -2.08942e-02
+7.08686e+03 -1.00000e+00 +4.64403e-02 +3.26373e-02
+7.08699e+03 -1.00000e+00 +3.31905e-02 -1.36684e-02
+7.08712e+03 -1.00000e+00 +3.53468e-02 -3.53592e-02
+7.08725e+03 -1.00000e+00 +2.74645e-02 -1.58229e-01
+7.08738e+03 -2.22520e-01 +4.16662e-02 -1.01576e-01
+7.08751e+03 -1.00000e+00 +6.94586e-02 -1.77136e-01
+7.08764e+03 -3.92002e-03 +2.02850e-02 +1.59770e-02
+7.08777e+03 -1.00000e+00 +1.25883e-02 -1.07517e-02
+7.08790e+03 -1.00000e+00 +6.03626e-02 +5.41541e-02
+7.08803e+03 -1.00000e+00 +5.81631e-02 +1.10949e-01
+7.08816e+03 -1.00000e+00 +4.34050e-02 +4.76763e-04
+7.08828e+03 -1.00000e+00 +3.15662e-02 +7.67188e-02
+7.08841e+03 -1.00000e+00 +3.78978e-02 +1.00589e-01
+7.08854e+03 -1.00000e+00 +2.03788e-03 -4.84592e-04
+7.08867e+03 -1.00000e+00 +1.90671e-02 -4.57513e-03
+7.08880e+03 -1.00000e+00 -1.81989e-02 -3.09664e-02
+7.08893e+03 -1.00000e+00 -5.31143e-03 +5.56464e-02
+7.08906e+03 -1.00000e+00 +1.50265e-02 +1.90288e-02
+7.08919e+03 -1.00000e+00 -4.04642e-04 -7.71456e-02
+7.08932e+03 -1.00000e+00 -2.70297e-02 -3.95613e-02
+7.08945e+03 +3.79834e-01 -1.76903e-01 -1.42711e-01
+7.08958e+03 -1.00000e+00 -4.99347e-02 -1.60666e-02
+7.08971e+03 -1.00000e+00 +4.62483e-02 -2.82082e-02
+7.08984e+03 -1.00000e+00 -1.72852e-02 +1.93121e-02
+7.08997e+03 -1.00000e+00 -1.44531e-02 -8.76867e-03
+7.09010e+03 -1.00000e+00 -3.15505e-02 -9.33369e-03
+7.09023e+03 -1.00000e+00 -1.17295e-01 -2.98737e-02
+7.09036e+03 -1.00000e+00 -1.63430e-01 +1.58037e-02
+7.09049e+03 -1.00000e+00 -3.98415e-02 -8.55399e-03
+7.09062e+03 -1.00000e+00 -1.18392e-01 +5.32603e-03
+7.09075e+03 -1.00000e+00 -6.52488e-02 -1.28512e-02
+7.09088e+03 -1.00000e+00 +4.41479e-03 -2.65363e-03
+7.09100e+03 -1.00000e+00 -6.91731e-02 +2.55118e-02
+7.09113e+03 -1.00000e+00 -1.07860e-01 +8.04104e-03
+7.09126e+03 -1.00000e+00 -2.13393e-02 -9.86393e-03
+7.09139e+03 -1.00000e+00 +6.48407e-03 +2.68205e-03
+7.09152e+03 -1.00000e+00 -1.54205e-02 +1.88777e-04
+7.09165e+03 -1.00000e+00 +5.46954e-02 -1.47396e-03
+7.09178e+03 -1.00000e+00 -6.07477e-04 -1.63423e-02
+7.09191e+03 -1.00000e+00 -1.72675e-02 +3.19100e-02
+7.09204e+03 -1.00000e+00 +4.36279e-02 -2.24712e-02
+7.09217e+03 -1.00000e+00 -6.00447e-02 -4.89773e-03
+7.09230e+03 -1.00000e+00 -5.09394e-02 -1.69533e-02
+7.09243e+03 -1.00000e+00 -7.40926e-02 -9.55190e-03
+7.09256e+03 -1.00000e+00 -6.42012e-02 +3.82355e-02
+7.09269e+03 -1.00000e+00 -2.75388e-02 +6.44317e-03
+7.09282e+03 -1.00000e+00 +1.57035e-02 -1.71589e-02
+7.09295e+03 -1.00000e+00 +9.68625e-02 -3.06993e-02
+7.09308e+03 -1.00000e+00 -3.40625e-02 -7.43038e-02
+7.09321e+03 -1.00000e+00 -4.54293e-02 +4.75745e-02
+7.09334e+03 -1.00000e+00 -4.25222e-02 +7.28726e-02
+7.09347e+03 -1.00000e+00 -6.61754e-02 -7.09976e-02
+7.09359e+03 -1.00000e+00 -2.00694e-01 -8.24620e-02
+7.09372e+03 -1.00000e+00 -2.77615e-01 +5.45142e-02
+7.09385e+03 -1.00000e+00 -1.61081e-01 -1.99977e-01
+7.09398e+03 -1.00000e+00 -2.93386e-01 -8.41087e-02
+7.09411e+03 -1.00000e+00 -4.18080e-01 -1.33161e-01
+7.09424e+03 -1.00000e+00 -2.50289e-01 -4.57806e-02
+7.09437e+03 -1.00000e+00 -2.37431e-01 +1.40504e-01
+7.09450e+03 -1.00000e+00 -2.97764e-02 -5.39845e-02
+7.09463e+03 -1.00000e+00 -2.81526e-02 +9.29915e-02
+7.09476e+03 -1.00000e+00 -2.70812e-02 +3.27585e-03
+7.09489e+03 -1.00000e+00 -9.03606e-02 -4.86853e-02
+7.09502e+03 -1.00000e+00 -1.50571e-01 +5.04529e-02
+7.09515e+03 -1.00000e+00 -2.56559e-02 +2.26566e-02
+7.09528e+03 -1.00000e+00 -2.14821e-01 -8.33263e-02
+7.09541e+03 +1.59089e-01 -1.03081e-01 -1.71757e-01
+7.09554e+03 +9.34334e-01 -1.51563e-02 -9.77193e-02
+7.09567e+03 -1.00000e+00 -7.38262e-02 -2.18579e-01
+7.09580e+03 -1.00000e+00 -1.83213e-01 -1.16963e-01
+7.09593e+03 -1.00000e+00 -1.78683e-01 +1.54986e-02
+7.09606e+03 -1.00000e+00 -7.10916e-02 -3.57036e-02
+7.09618e+03 -1.00000e+00 -1.18314e-02 -9.10761e-03
+7.09631e+03 -1.00000e+00 +1.41583e-01 -4.70407e-03
+7.09644e+03 -1.00000e+00 +4.14734e-02 +7.78907e-03
+7.09657e+03 +3.79196e-01 +5.56544e-02 +1.39702e-02
+7.09670e+03 +3.86987e-01 -3.20922e-02 +2.58211e-02
+7.09683e+03 +3.97981e-01 +4.77741e-02 +3.19181e-02
+7.09696e+03 -1.95740e-01 +6.85636e-02 +2.75080e-02
+7.09709e+03 +1.12680e-01 -9.20225e-02 +2.40330e-02
+7.09722e+03 +2.25473e-02 -2.40115e-01 +3.58049e-02
+7.09735e+03 -1.00000e+00 -2.37374e-01 +3.97604e-02
+7.09748e+03 -1.00000e+00 -2.98078e-01 +4.03737e-02
+7.09761e+03 -1.00000e+00 -1.55812e-01 +3.34321e-02
+7.09774e+03 -1.00000e+00 -1.25845e-01 +4.60287e-02
+7.09787e+03 -1.00000e+00 -3.91839e-02 +5.47109e-02
+7.09800e+03 -2.05117e-01 +1.00652e-02 +6.43628e-02
+7.09813e+03 -1.00000e+00 -2.41030e-02 +4.79992e-02
+7.09826e+03 -1.00000e+00 -1.40408e-02 +4.75209e-02
+7.09839e+03 -1.00000e+00 -6.92367e-02 +7.18889e-02
+7.09852e+03 -1.00000e+00 -9.35192e-02 +6.71601e-02
+7.09865e+03 -1.00000e+00 -7.33485e-02 +7.41326e-02
+7.09877e+03 -1.00000e+00 -5.76004e-02 +6.34706e-02
+7.09890e+03 -1.00000e+00 -2.53059e-01 +2.01527e-02
+7.09903e+03 -1.00000e+00 -4.59131e-02 +4.10285e-02
+7.09916e+03 +3.09200e-01 -4.94624e-02 +7.53941e-03
+7.09929e+03 -1.00000e+00 -3.63912e-02 -2.15100e-02
+7.09942e+03 -1.00000e+00 -3.23933e-01 +3.59224e-03
+7.09955e+03 -1.00000e+00 -1.46309e-01 -2.27084e-02
+7.09968e+03 -1.00000e+00 +2.76661e-02 -1.30217e-02
+7.09981e+03 -1.00000e+00 +8.24229e-02 -7.73053e-02
+7.09994e+03 -1.00000e+00 -3.88034e-01 -1.37637e-01
+7.10007e+03 -1.00000e+00 -5.09440e-01 +8.08792e-02
+7.10020e+03 +7.02681e-03 -8.95679e-02 -1.16800e-01
+7.10033e+03 -1.00000e+00 -3.41882e-01 +3.38218e-02
+7.10046e+03 -1.00000e+00 -6.15614e-02 -1.25624e-03
+7.10059e+03 -1.00000e+00 -2.87050e-01 +5.20357e-02
+7.10072e+03 -1.00000e+00 -2.36811e-01 +6.01488e-03
+7.10085e+03 -1.00000e+00 -1.70242e-01 +2.89991e-03
+7.10098e+03 -1.00000e+00 -3.17848e-02 -1.67237e-02
+7.10111e+03 -1.00000e+00 -1.66690e-02 -7.33809e-03
+7.10123e+03 -1.00000e+00 -4.76445e-02 -3.65479e-03
+7.10136e+03 -1.00000e+00 +2.00255e-02 -4.01731e-02
+7.10149e+03 -1.00000e+00 -9.34157e-02 -7.36985e-02
+7.10162e+03 -1.52558e-01 -3.21803e-03 -2.98362e-02
+7.10175e+03 -2.11008e-01 -1.37163e-02 -4.27367e-02
+7.10188e+03 -9.77391e-02 -5.84129e-02 -1.07384e-02
+7.10201e+03 -7.15938e-02 -5.39607e-02 +4.09814e-03
+7.10214e+03 -1.35092e-01 +1.49718e-02 -3.99263e-03
+7.10227e+03 -3.59472e-02 +2.23958e-02 -6.26756e-03
+7.10240e+03 -1.02237e-01 +1.50379e-02 +1.20193e-02
+7.10253e+03 +2.50415e-01 -3.91767e-02 -4.76434e-03
+7.10266e+03 -5.15939e-01 +3.14804e-03 +1.64302e-02
+7.10279e+03 -9.86243e-02 +2.32612e-04 -8.62321e-05
+7.10292e+03 -1.53337e-01 +1.30846e-02 -1.94526e-03
+7.10305e+03 -2.38415e-01 -1.18964e-02 +1.87686e-02
+7.10318e+03 -1.60592e-01 -3.20603e-03 +2.16868e-02
+7.10331e+03 -1.00000e+00 +7.20368e-03 -1.07837e-02
+7.10344e+03 -1.00000e+00 -1.65352e-02 -2.61590e-02
+7.10357e+03 -1.69914e-01 +6.80166e-04 +1.60234e-02
+7.10370e+03 -1.00000e+00 +2.16486e-02 +5.92264e-03
+7.10382e+03 +7.67283e-03 +3.19148e-02 -4.22163e-03
+7.10395e+03 -1.17696e-01 -4.65748e-03 +1.26849e-02
+7.10408e+03 -1.78874e-01 +4.47773e-02 +4.38111e-02
+7.10421e+03 -1.06123e-01 +2.01250e-02 +2.93437e-02
+7.10434e+03 +2.79023e-02 +2.00396e-02 +1.60162e-02
+7.10447e+03 -2.62163e-02 +1.65597e-02 +1.82498e-02
+7.10460e+03 -1.77722e-01 +4.08368e-02 +3.23522e-02
+7.10473e+03 +1.30679e-01 +3.69081e-02 +2.16447e-02
+7.10486e+03 +4.03526e-02 +7.35079e-02 +1.88460e-02
+7.10499e+03 -1.97122e-02 -1.16533e-03 +3.92217e-02
+7.10512e+03 -5.98895e-02 -1.08380e-01 +1.07643e-02
+7.10525e+03 -1.71893e-01 -1.31189e-01 +2.47625e-02
+7.10538e+03 +2.37138e-02 +2.22466e-02 +1.79611e-02
+7.10551e+03 -2.38154e-01 -1.07733e-01 +1.05416e-02
+7.10564e+03 -3.30711e-01 +2.15499e-02 +1.43891e-02
+7.10577e+03 +2.46728e-01 -5.09326e-02 +6.83634e-03
+7.10590e+03 -2.18001e-01 -3.33675e-02 +2.57572e-02
+7.10603e+03 -1.55167e-01 -1.28167e-02 +4.18158e-03
+7.10616e+03 -1.00000e+00 -9.89850e-03 +2.44484e-02
+7.10629e+03 +3.66616e-02 -2.16874e-02 +5.80837e-03
+7.10641e+03 -5.97187e-02 -6.60480e-03 +7.30298e-03
+7.10654e+03 -2.15392e-02 -2.98045e-02 +1.12789e-02
+7.10667e+03 -7.49259e-02 +1.49603e-03 -4.48223e-03
+7.10680e+03 -1.85646e-02 -1.24166e-02 -2.12955e-02
+7.10693e+03 +1.42650e-01 -2.95782e-02 -2.96503e-02
+7.10706e+03 -1.79047e-01 +3.23496e-02 +7.93274e-03
+7.10719e+03 +7.31100e-02 -5.21241e-02 -6.10554e-03
+7.10732e+03 -7.17825e-02 -4.16703e-02 +1.89411e-02
+7.10745e+03 +2.32868e-01 -1.24297e-02 +2.14820e-02
+7.10758e+03 -1.85368e-01 -7.03179e-02 +1.28017e-02
+7.10771e+03 -1.30974e-01 -4.36297e-02 +2.78481e-02
+7.10784e+03 -1.31211e-01 -1.25938e-01 +3.33219e-02
+7.10797e+03 -1.72792e-02 -7.98426e-02 +1.37802e-02
+7.10810e+03 -3.15611e-01 -6.97285e-03 +2.97984e-03
+7.10823e+03 -1.67279e-01 -6.04640e-02 +8.42597e-03
+7.10836e+03 -2.03776e-01 -2.46783e-01 -4.68380e-02
+7.10849e+03 -1.43336e-01 -9.51505e-02 -8.90075e-03
+7.10862e+03 -1.39714e-01 -3.66422e-02 -3.26605e-02
+7.10875e+03 -1.67063e-01 +3.04598e-02 -1.94720e-02
+7.10888e+03 -2.20116e-01 -2.47342e-03 -5.53549e-02
+7.10901e+03 -2.44208e-02 +2.19298e-02 -4.34615e-02
+7.10913e+03 -4.42834e-01 +1.16812e-01 -2.24737e-02
+7.10926e+03 -2.60557e-01 -2.40346e-02 -3.11217e-02
+7.10939e+03 -1.00000e+00 -2.20095e-02 +2.07012e-02
+7.10952e+03 -3.23341e-01 -1.10263e-01 -2.64349e-02
+7.10965e+03 -2.50081e-01 -6.87314e-02 +3.97755e-02
+7.10978e+03 -2.28328e-01 +6.91854e-02 -1.75955e-02
+7.10991e+03 +1.25708e-01 -5.71803e-03 -2.29251e-02
+7.11004e+03 +4.48197e-02 -1.09991e-01 +2.85214e-03
+7.11017e+03 +1.02334e-01 -2.36025e-02 -3.79732e-02
+7.11030e+03 +1.89537e-02 -8.94497e-02 -4.60614e-04
+7.11043e+03 -7.09416e-02 -1.69425e-01 -4.38204e-02
+7.11056e+03 +5.79362e-02 -8.72593e-02 -1.19312e-01
+7.11069e+03 -3.83190e-04 -9.54034e-02 -6.36033e-02
+7.11082e+03 -7.24342e-02 -1.18631e-01 -1.16548e-01
+7.11095e+03 -8.55620e-02 -1.03413e-01 -3.61856e-02
+7.11108e+03 -6.55751e-02 -6.39354e-04 -1.36899e-01
+7.11121e+03 -8.91793e-02 -2.15090e-02 -9.59621e-02
+7.11134e+03 -2.33661e-01 -2.46419e-02 -2.02669e-01
+7.11147e+03 -1.72694e-01 -3.12131e-02 -5.66731e-02
+7.11160e+03 -1.17701e-01 +1.98232e-02 -3.61022e-01
+7.11172e+03 -2.77464e-01 +1.70428e-02 -9.18157e-02
+7.11185e+03 -8.15159e-02 -3.70013e-02 -1.30237e-01
+7.11198e+03 -3.33382e-02 -1.31102e-02 -1.29079e-01
+7.11211e+03 -7.32509e-02 -3.98150e-02 -1.02791e-01
+7.11224e+03 -1.82938e-01 -4.66299e-03 +3.16802e-03
+7.11237e+03 -5.01451e-02 -9.83436e-03 -4.11667e-02
+7.11250e+03 -1.60485e-01 -5.89813e-02 -2.64527e-02
+7.11263e+03 -8.90963e-02 -5.87050e-02 -2.80684e-02
+7.11276e+03 -3.61773e-02 -4.42218e-02 +1.39835e-02
+7.11289e+03 -7.14488e-02 -2.99813e-02 -2.62208e-02
+7.11302e+03 -1.69896e-01 -9.98423e-02 -3.09011e-02
+7.11315e+03 -5.61119e-02 -1.10756e-01 -4.62949e-02
+7.11328e+03 -1.33841e-01 -1.92342e-01 -8.36628e-02
+7.11341e+03 -1.05886e-01 -5.47888e-02 -4.29111e-02
+7.11354e+03 -4.17050e-02 -3.03925e-01 -1.29149e-03
+7.11367e+03 -1.68326e-01 +3.67726e-02 -4.90486e-02
+7.11380e+03 -1.09659e-01 -8.75913e-02 -3.50538e-02
+7.11393e+03 -9.08517e-02 -1.07055e-01 -4.02730e-02
+7.11406e+03 -1.01567e-01 -2.40687e-02 -7.53141e-04
+7.11419e+03 -1.34028e-01 -1.48574e-01 +5.21251e-05
+7.11431e+03 -1.59609e-02 -8.43783e-02 +1.88031e-02
+7.11444e+03 -3.84365e-02 -7.84258e-02 +4.58788e-03
+7.11457e+03 -1.64130e-02 -9.28042e-02 +5.85886e-03
+7.11470e+03 +8.22631e-03 +1.26451e-02 -2.59457e-04
+7.11483e+03 -3.30153e-02 -8.31809e-02 -6.62686e-03
+7.11496e+03 -2.53271e-02 +8.64474e-03 +9.51907e-03
+7.11509e+03 -8.74827e-03 -6.03262e-02 +4.51694e-03
+7.11522e+03 +3.30388e-03 -2.16417e-02 -1.20221e-03
+7.11535e+03 -2.93070e-02 -2.60389e-02 +6.91105e-03
+7.11548e+03 -1.31924e-02 -4.16510e-02 -1.61314e-03
+7.11561e+03 +4.49996e-02 +2.70193e-03 +1.14531e-02
+7.11574e+03 +3.02603e-02 -3.56070e-02 -1.67719e-02
+7.11587e+03 -6.64622e-03 -6.57188e-02 -3.27511e-02
+7.11600e+03 +1.85933e-02 -2.96784e-03 -3.57029e-02
+7.11613e+03 +1.03150e-01 -9.93563e-03 -3.13966e-02
+7.11626e+03 +4.55141e-02 -2.39736e-02 +7.88667e-03
+7.11639e+03 -7.47693e-02 -1.59559e-02 -2.02798e-02
+7.11652e+03 +4.47961e-02 -5.10651e-02 -3.45676e-03
+7.11665e+03 +4.90743e-02 -1.72527e-02 -4.77356e-02
+7.11677e+03 -2.56273e-02 -8.23392e-02 -1.08471e-02
+7.11690e+03 +1.13473e-02 -7.08236e-03 -2.48598e-02
+7.11703e+03 +5.58879e-04 -7.09467e-02 -7.82620e-03
+7.11716e+03 +1.70232e-02 -8.42701e-02 -3.04243e-02
+7.11729e+03 +1.72226e-02 -2.26781e-02 +1.17124e-02
+7.11742e+03 +1.78638e-02 +9.91739e-02 +1.68608e-02
+7.11755e+03 -1.86573e-02 -1.20420e-02 +1.16513e-02
+7.11768e+03 -1.07272e-02 +2.50803e-01 -7.45900e-03
+7.11781e+03 -1.14415e-03 -1.84537e-02 +5.31512e-03
+7.11794e+03 +2.23463e-02 +7.11060e-02 +2.44341e-02
+7.11807e+03 +1.36661e-02 -2.78568e-03 +2.11101e-03
+7.11820e+03 -2.89847e-02 -1.12929e-01 +5.30596e-04
+7.11833e+03 -3.25120e-02 -1.88002e-01 +4.62084e-03
+7.11846e+03 -2.38137e-02 +2.79354e-02 +3.92815e-03
+7.11859e+03 -2.73318e-02 -1.01332e-01 +1.71720e-02
+7.11872e+03 -7.86162e-02 -7.95481e-02 +1.64681e-02
+7.11885e+03 -6.59148e-02 -1.60647e-01 +9.51993e-04
+7.11898e+03 -1.48540e-02 -3.56895e-02 +2.12658e-03
+7.11911e+03 -2.79212e-02 -1.06869e-01 +8.21442e-03
+7.11924e+03 +3.02232e-03 -4.50793e-02 -5.00084e-03
+7.11936e+03 -2.25745e-02 +3.53650e-03 -7.79935e-03
+7.11949e+03 -1.32746e-02 -1.33908e-02 -7.05925e-03
+7.11962e+03 -2.01478e-02 +6.71583e-04 +1.73207e-03
+7.11975e+03 -4.92474e-02 -3.87477e-02 +1.91084e-02
+7.11988e+03 -3.06018e-02 -6.72330e-03 +1.44684e-02
+7.12001e+03 -4.57510e-02 -7.38455e-03 +1.95583e-02
+7.12014e+03 -1.08590e-02 +2.31711e-02 +2.36277e-03
+7.12027e+03 -4.11034e-02 +3.70244e-02 +2.79819e-02
+7.12040e+03 -6.64785e-02 +5.06899e-02 +6.45082e-03
+7.12053e+03 -4.66265e-02 +1.87940e-02 +9.46308e-03
+7.12066e+03 -1.64455e-02 -1.92722e-02 +1.98979e-02
+7.12079e+03 +1.01884e-03 +1.34514e-02 -1.92958e-04
+7.12092e+03 +4.70513e-02 -3.43236e-02 +1.06523e-02
+7.12105e+03 -8.88326e-04 -2.82017e-03 +2.36884e-02
+7.12118e+03 -7.55239e-03 -3.80784e-02 +2.47677e-02
+7.12131e+03 -2.95730e-03 +7.80539e-03 +2.90128e-02
+7.12144e+03 -5.76332e-02 +5.84942e-03 +3.02175e-02
+7.12157e+03 +2.38865e-03 -1.58534e-02 +3.75296e-02
+7.12170e+03 +4.65082e-02 -2.32326e-02 +2.47172e-02
+7.12183e+03 +7.09740e-03 -2.22657e-02 +2.26521e-02
+7.12195e+03 -3.24744e-03 +2.57497e-04 -2.26751e-03
+7.12208e+03 -2.31944e-02 -1.19363e-02 +4.54482e-03
+7.12221e+03 -3.50584e-02 +1.04712e-04 +6.72157e-03
+7.12234e+03 +2.96354e-02 -4.74282e-02 +4.45747e-04
+7.12247e+03 -3.17273e-02 -8.55170e-03 -1.06952e-02
+7.12260e+03 -1.57605e-02 -4.08387e-02 -2.19734e-02
+7.12273e+03 -9.41118e-02 -2.63651e-02 -8.47543e-02
+7.12286e+03 -8.87558e-02 -3.81053e-02 -6.51541e-02
+7.12299e+03 -7.19572e-02 -3.34173e-02 -3.38052e-02
+7.12312e+03 -7.41906e-02 +1.32172e-02 -2.94618e-02
+7.12325e+03 -2.77626e-02 -1.02867e-02 -7.33335e-02
+7.12338e+03 -1.33401e-01 -2.36373e-03 -1.53221e-02
+7.12351e+03 -3.68183e-02 +9.44919e-03 -1.79745e-02
+7.12364e+03 -8.94590e-03 -1.25757e-03 -4.99723e-02
+7.12377e+03 -6.38328e-02 -3.77664e-02 -3.24411e-02
+7.12390e+03 -3.57472e-02 +1.60112e-02 -3.73663e-02
+7.12403e+03 -5.10041e-02 -5.45727e-03 -1.09884e-02
+7.12416e+03 -9.88561e-03 -1.72493e-02 -8.29168e-03
+7.12429e+03 +5.54146e-03 -7.13660e-02 -1.36172e-02
+7.12442e+03 -3.01916e-02 -3.82464e-02 -7.87433e-03
+7.12455e+03 +2.84543e-03 -1.37958e-02 -1.51550e-02
+7.12467e+03 -4.22159e-02 -3.89298e-02 +2.95917e-03
+7.12480e+03 -9.39486e-03 -6.97983e-02 -1.43217e-02
+7.12493e+03 +2.68185e-02 -1.32392e-02 -1.32283e-02
+7.12506e+03 +4.66334e-03 +1.55361e-02 -1.45427e-02
+7.12519e+03 -2.36327e-02 +2.88991e-02 +6.85006e-03
+7.12532e+03 +1.28314e-02 +2.11750e-02 -3.01555e-03
+7.12545e+03 +1.23589e-03 +1.97593e-04 +1.66687e-02
+7.12558e+03 -8.08814e-04 +2.70623e-02 +7.34554e-04
+7.12571e+03 -2.50811e-02 +1.06025e-02 +1.01757e-02
+7.12584e+03 -5.33774e-03 +1.69034e-02 +2.09958e-02
+7.12597e+03 -1.73315e-02 -1.96266e-03 +1.62927e-02
+7.12610e+03 +1.17917e-02 +1.57759e-02 +1.86448e-02
+7.12623e+03 +1.41418e-02 -3.71770e-03 +2.50556e-02
+7.12636e+03 -2.91935e-02 -5.15493e-03 +1.42327e-02
+7.12649e+03 -3.36199e-02 +1.50554e-03 +1.56609e-02
+7.12662e+03 +1.35126e-03 +6.97614e-03 +2.34279e-02
+7.12675e+03 -3.83296e-02 +2.48881e-02 +3.64528e-02
+7.12688e+03 +4.28067e-02 +3.15472e-02 +3.33934e-02
+7.12701e+03 -3.88494e-02 +1.06843e-02 +2.39536e-02
+7.12714e+03 -4.24470e-03 +3.05551e-02 -8.13205e-04
+7.12726e+03 -5.23826e-02 +2.10382e-02 -2.52355e-02
+7.12739e+03 -1.62875e-01 +1.47416e-02 -1.34488e-02
+7.12752e+03 -9.15599e-02 -1.64947e-02 -6.77394e-03
+7.12765e+03 -5.65577e-02 +1.83580e-02 +4.95758e-03
+7.12778e+03 -1.15904e-01 -1.98355e-02 -6.03297e-03
+7.12791e+03 -1.65252e-01 -1.63993e-02 +2.00626e-02
+7.12804e+03 -5.62004e-02 -1.46853e-02 +7.53164e-03
+7.12817e+03 -1.52465e-01 -3.08463e-02 +1.72638e-02
+7.12830e+03 -5.61722e-02 -2.31355e-02 +3.04267e-02
+7.12843e+03 -1.53550e-01 -2.21352e-02 +1.12106e-02
+7.12856e+03 -1.63348e-01 -2.20433e-02 +1.50060e-02
+7.12869e+03 -2.62601e-03 -9.32557e-03 +2.88406e-02
+7.12882e+03 -4.34309e-02 -2.76125e-03 +1.82751e-02
+7.12895e+03 -2.58952e-02 -2.04559e-02 -4.32498e-03
+7.12908e+03 -3.80741e-02 +1.59083e-02 +9.15374e-03
+7.12921e+03 +9.38359e-03 +4.04528e-02 -1.04458e-03
+7.12934e+03 -4.95358e-02 -7.37566e-03 +1.73196e-02
+7.12947e+03 -4.98067e-02 +9.26454e-03 +5.42367e-03
+7.12960e+03 -6.92861e-02 -1.36255e-02 -3.18845e-03
+7.12973e+03 -6.36858e-02 -1.03268e-02 +1.88373e-02
+7.12985e+03 -3.02957e-02 -5.58459e-03 -2.83179e-03
+7.12998e+03 -2.34918e-02 +3.13926e-03 -1.55197e-02
+7.13011e+03 -3.34164e-02 +3.71113e-03 -3.40941e-02
+7.13024e+03 +7.75096e-03 -4.60334e-02 -4.71409e-03
+7.13037e+03 -1.77910e-02 -1.31150e-02 +1.21029e-02
+7.13050e+03 -3.65964e-02 -6.41423e-02 -3.88091e-03
+7.13063e+03 +1.58649e-02 -3.76504e-02 +6.51013e-03
+7.13076e+03 -3.49211e-02 -1.77724e-02 +1.28084e-02
+7.13089e+03 -2.41809e-02 -2.64102e-02 +2.39915e-02
+7.13102e+03 +2.04000e-02 -1.30141e-02 +1.44391e-02
+7.13115e+03 +1.92488e-02 +4.89590e-02 +1.75557e-02
+7.13128e+03 -1.22875e-02 +1.31304e-01 +3.04046e-02
+7.13141e+03 +1.55621e-02 +5.78390e-03 +1.09147e-02
+7.13154e+03 +2.18867e-03 +6.97412e-02 +1.51167e-02
+7.13167e+03 +2.85617e-02 -5.11293e-02 +4.95359e-03
+7.13180e+03 -1.52358e-02 -5.41208e-02 +1.70792e-02
+7.13193e+03 -2.42042e-02 +8.39018e-02 +9.09407e-03
+7.13206e+03 -3.26334e-02 +7.23406e-03 +1.55840e-02
+7.13219e+03 -2.04367e-03 +2.14957e-02 +1.80836e-02
+7.13231e+03 -1.32333e-02 +9.84640e-03 +1.25883e-02
+7.13244e+03 -1.40778e-02 -6.42103e-02 -4.61209e-03
+7.13257e+03 -2.11873e-02 -4.30332e-02 +1.06893e-02
+7.13270e+03 -5.06030e-02 -5.21219e-02 +2.28394e-02
+7.13283e+03 -1.65556e-02 -5.85148e-02 -1.35003e-02
+7.13296e+03 +2.41147e-02 -8.08260e-02 +1.44236e-02
+7.13309e+03 +3.38325e-02 -6.03172e-02 +1.15220e-02
+7.13322e+03 +2.32898e-02 -6.29190e-02 -5.54616e-03
+7.13335e+03 +2.06634e-02 -5.39666e-02 -2.29204e-02
+7.13348e+03 +7.54210e-03 -2.07383e-02 -2.27991e-02
+7.13361e+03 +2.33723e-02 -8.96607e-03 -1.47680e-02
+7.13374e+03 +1.97235e-02 -6.34096e-02 -4.80636e-02
+7.13387e+03 +1.05892e-02 -3.44789e-02 -2.06071e-02
+7.13400e+03 +1.77887e-02 -1.33898e-02 -5.16613e-02
+7.13413e+03 +2.07908e-02 -5.37466e-03 -1.29944e-02
+7.13426e+03 +5.70561e-03 -2.76175e-02 -4.09091e-02
+7.13439e+03 -8.72572e-03 -8.67802e-03 -3.16182e-02
+7.13452e+03 -8.91185e-03 -1.42058e-03 -3.69480e-02
+7.13465e+03 -3.95044e-03 -3.98169e-03 -4.87215e-02
+7.13478e+03 -9.98536e-03 +2.40259e-02 -8.32002e-02
+7.13490e+03 -1.00415e-02 +6.92048e-03 -1.10036e-01
+7.13503e+03 -1.19715e-02 -4.31254e-03 -4.36996e-02
+7.13516e+03 -7.12830e-03 +1.05586e-02 -3.47289e-04
+7.13529e+03 +1.81661e-02 +2.49486e-02 -5.66024e-02
+7.13542e+03 -8.88302e-03 +5.72064e-03 -4.24234e-02
+7.13555e+03 -3.46811e-03 -1.44109e-03 -2.04446e-02
+7.13568e+03 +3.48986e-02 +2.01230e-02 -1.78512e-02
+7.13581e+03 +2.53082e-03 +2.43031e-03 -1.86041e-02
+7.13594e+03 -3.34708e-02 +1.18829e-02 -2.81806e-03
+7.13607e+03 -6.11332e-03 +2.70922e-02 -2.57555e-02
+7.13620e+03 +4.66657e-04 +1.24264e-02 +3.03482e-02
+7.13633e+03 +1.63687e-02 -1.22441e-02 -5.02851e-03
+7.13646e+03 -1.41875e-02 -6.36950e-03 -9.42025e-03
+7.13659e+03 +3.21361e-02 -1.38238e-02 -1.89909e-02
+7.13672e+03 +1.72699e-02 +1.56516e-02 -5.74112e-02
+7.13685e+03 -1.35537e-02 +1.68833e-02 -4.58313e-02
+7.13698e+03 +7.04456e-03 +3.96563e-02 -1.18644e-01
+7.13711e+03 +2.25808e-02 -3.84316e-04 +1.06275e-02
+7.13724e+03 -6.83257e-03 -7.93928e-02 -4.31250e-02
+7.13737e+03 +2.56229e-02 -3.16241e-02 -3.44459e-02
+7.13749e+03 +1.60716e-03 -9.99538e-02 -2.96019e-02
+7.13762e+03 -6.01572e-03 -6.64222e-02 -6.21506e-02
+7.13775e+03 -3.47643e-02 -4.48707e-02 -3.34891e-03
+7.13788e+03 +3.65142e-02 -5.72764e-02 +1.70717e-02
+7.13801e+03 -3.34391e-02 -3.69323e-02 -8.89241e-03
+7.13814e+03 -2.79827e-02 -2.93440e-02 -3.46606e-02
+7.13827e+03 -2.56266e-02 -5.15372e-02 -2.93939e-02
+7.13840e+03 -4.59915e-02 -2.56859e-02 -4.43625e-02
+7.13853e+03 -3.29429e-02 -1.70222e-02 -5.33174e-02
+7.13866e+03 -7.84219e-03 -2.93646e-02 -1.08173e-02
+7.13879e+03 -4.12062e-02 -2.06449e-02 -2.04073e-02
+7.13892e+03 -8.82494e-04 -8.44443e-03 +1.30922e-03
+7.13905e+03 +8.51440e-03 -8.35516e-03 +1.61285e-02
+7.13918e+03 +2.01936e-03 -9.93014e-03 +2.29264e-03
+7.13931e+03 -6.68548e-03 -1.75158e-02 +1.21727e-02
+7.13944e+03 +1.14299e-03 +2.49367e-02 -1.51447e-03
+7.13957e+03 -6.22140e-04 -7.12213e-03 +1.44800e-02
+7.13970e+03 +2.38177e-03 -2.95227e-03 +2.95494e-02
+7.13983e+03 +1.51319e-02 -5.51484e-02 +2.27942e-02
+7.13996e+03 +1.10219e-02 -5.93352e-02 +9.74985e-03
+7.14009e+03 +2.79182e-02 -1.04833e-01 +7.87937e-03
+7.14021e+03 +2.84663e-02 -1.12746e-01 +1.51645e-02
+7.14034e+03 +2.31451e-02 -1.11707e-01 +2.80730e-02
+7.14047e+03 +1.34323e-02 -6.05147e-03 +9.36367e-03
+7.14060e+03 +3.26055e-02 -2.48577e-02 +1.45730e-02
+7.14073e+03 +1.26480e-02 -5.97365e-02 +2.08820e-02
+7.14086e+03 +1.12011e-02 -5.51427e-03 -1.20732e-02
+7.14099e+03 +3.36183e-02 +1.10645e-03 +2.34604e-02
+7.14112e+03 +6.36185e-03 -1.65967e-02 +2.50713e-02
+7.14125e+03 -2.07104e-02 +1.38333e-02 +2.53127e-02
+7.14138e+03 +3.30311e-02 +1.42345e-02 -1.22295e-02
+7.14151e+03 +4.23658e-03 +3.29232e-02 -1.91102e-02
+7.14164e+03 +2.20348e-02 +1.88484e-02 -3.93020e-02
+7.14177e+03 +3.88482e-02 +3.29077e-02 -5.04112e-02
+7.14190e+03 +2.36586e-03 +5.55646e-02 -3.36593e-02
+7.14203e+03 +4.07175e-02 +3.92538e-02 -7.79375e-02
+7.14216e+03 -1.41916e-02 -7.05118e-02 -7.38947e-02
+7.14229e+03 +1.06879e-02 -7.35440e-03 -7.96080e-02
+7.14242e+03 -1.09794e-02 -1.27624e-01 +6.55553e-03
+7.14255e+03 +3.36090e-03 -4.07747e-02 -7.40447e-02
+7.14268e+03 +1.31426e-02 -6.96287e-02 -1.17726e-01
+7.14280e+03 +2.73141e-03 +1.96781e-02 -4.44284e-03
+7.14293e+03 -1.83471e-02 -2.50615e-02 -1.05048e-01
+7.14306e+03 -1.22915e-02 -2.32726e-02 +1.40030e-02
+7.14319e+03 +1.47810e-02 -1.95473e-03 -7.41221e-02
+7.14332e+03 -1.27367e-02 -3.50934e-02 +1.55374e-02
+7.14345e+03 +1.90175e-02 -3.43950e-02 -2.09411e-02
+7.14358e+03 +2.42210e-02 -3.56751e-02 -5.80831e-02
+7.14371e+03 +7.93171e-04 -3.65273e-02 -1.07766e-01
+7.14384e+03 -2.28343e-03 -5.12620e-02 -5.76032e-02
+7.14397e+03 +1.56122e-02 -3.70199e-02 -2.45579e-02
+7.14410e+03 -2.26126e-02 -1.04018e-02 -3.05976e-02
+7.14423e+03 -6.38883e-02 -9.06729e-02 -2.61485e-02
+7.14436e+03 -3.90422e-02 +3.80372e-03 -1.87018e-02
+7.14449e+03 -3.68091e-02 -1.13585e-02 +4.32215e-04
+7.14462e+03 -6.11328e-02 +4.67327e-03 +3.56588e-03
+7.14475e+03 -7.71313e-02 +2.82132e-02 +1.47858e-02
+7.14488e+03 -1.25256e-02 -4.99482e-03 +1.84944e-02
+7.14501e+03 +2.13676e-02 -4.70623e-03 +1.12913e-02
+7.14514e+03 +9.84906e-03 -1.71092e-03 +2.10116e-02
+7.14527e+03 -2.90315e-02 +4.95841e-02 +1.74821e-02
+7.14539e+03 -8.79924e-02 -2.28218e-03 +2.27783e-02
+7.14552e+03 -7.28353e-02 -1.56830e-02 +2.77373e-02
+7.14565e+03 -7.68586e-02 -5.64589e-02 +2.70581e-02
+7.14578e+03 -3.32631e-03 -3.85576e-02 +2.99129e-02
+7.14591e+03 -9.77924e-02 -4.75981e-02 +1.25410e-02
+7.14604e+03 -2.06007e-02 -1.01858e-02 +2.96600e-02
+7.14617e+03 +1.23241e-02 -4.40502e-02 +1.85920e-02
+7.14630e+03 -8.11626e-03 -3.20598e-02 +1.25862e-02
+7.14643e+03 -2.47658e-02 -3.58757e-02 -1.68681e-02
+7.14656e+03 -6.07461e-03 -1.43639e-02 -2.57047e-02
+7.14669e+03 -1.33381e-03 -3.06465e-02 +1.46286e-02
+7.14682e+03 +1.34646e-02 -4.23820e-03 -7.79064e-02
+7.14695e+03 +3.55047e-03 -1.18882e-02 -1.51614e-02
+7.14708e+03 -1.65485e-02 -1.55003e-02 -1.04475e-01
+7.14721e+03 +3.65027e-03 +2.61444e-02 -1.69499e-01
+7.14734e+03 -1.11518e-02 +1.43495e-02 -2.05428e-01
+7.14747e+03 -2.93286e-02 +4.46534e-02 -5.90550e-02
+7.14760e+03 -6.57929e-03 +4.45452e-02 -4.49606e-02
+7.14773e+03 +2.22202e-02 +2.78409e-02 -1.54338e-01
+7.14785e+03 -3.17672e-03 +1.06929e-02 -6.81415e-02
+7.14798e+03 +2.52381e-02 -1.81606e-03 -1.36119e-01
+7.14811e+03 +3.01380e-02 +1.32129e-02 +4.13227e-02
+7.14824e+03 +2.87734e-02 +1.60009e-02 -3.92828e-02
+7.14837e+03 +2.15433e-02 -6.33442e-03 -3.31925e-02
+7.14850e+03 +2.56458e-02 +9.22287e-03 -3.45522e-02
+7.14863e+03 +4.01363e-02 +4.75012e-03 -1.29942e-02
+7.14876e+03 +4.14273e-02 +1.84595e-02 -5.73122e-02
+7.14889e+03 +2.62763e-02 +2.06355e-02 -7.44863e-03
+7.14902e+03 +3.88406e-02 +3.87930e-03 -1.83823e-02
+7.14915e+03 +2.00508e-02 -2.64831e-02 -3.28525e-02
+7.14928e+03 +3.26471e-03 +8.81420e-03 +1.66566e-02
+7.14941e+03 -6.64400e-02 +2.78064e-02 -7.62655e-03
+7.14954e+03 +3.68381e-02 -7.56751e-03 -2.33661e-02
+7.14967e+03 +1.18218e-02 +2.68847e-03 +6.93834e-03
+7.14980e+03 -3.77120e-03 -1.43529e-02 +9.17335e-04
+7.14993e+03 -1.01422e-02 -3.34605e-02 +6.83868e-02
+7.15006e+03 -2.52569e-02 -6.48766e-02 -6.42926e-03
+7.15019e+03 -1.24458e-02 -3.08411e-02 -5.26793e-02
+7.15032e+03 -5.30878e-02 +3.71927e-03 -5.40078e-02
+7.15044e+03 -3.86411e-02 +3.42231e-02 -4.51836e-02
+7.15057e+03 -3.13196e-02 +1.13250e-02 -6.72956e-02
+7.15070e+03 -6.68645e-02 -2.23352e-02 -3.20094e-02
+7.15083e+03 -2.25038e-02 -4.40641e-02 -1.82406e-02
+7.15096e+03 -1.05628e-03 -2.56231e-02 -3.90584e-02
+7.15109e+03 -3.92620e-02 -3.56384e-02 +3.20588e-02
+7.15122e+03 +1.30726e-02 -2.77929e-02 +4.94575e-03
+7.15135e+03 +2.71371e-02 +5.70114e-02 +4.50453e-03
+7.15148e+03 -2.14807e-02 -5.92886e-03 +2.40348e-02
+7.15161e+03 +4.76836e-02 -2.48086e-03 +8.46211e-03
+7.15174e+03 -6.77437e-02 +1.12740e-03 +1.14380e-02
+7.15187e+03 +1.65677e-02 +9.71389e-05 -1.59361e-02
+7.15200e+03 +1.55834e-02 -1.13390e-02 -1.28433e-02
+7.15213e+03 -2.41685e-02 -1.93858e-03 -2.60576e-02
+7.15226e+03 -2.85782e-02 -8.80201e-03 -3.78508e-02
+7.15239e+03 +1.01664e-01 -7.08166e-03 -5.71486e-02
+7.15252e+03 +3.55934e-02 -9.72041e-03 -9.43123e-02
+7.15265e+03 -1.57584e-02 +1.76175e-02 -6.50996e-02
+7.15278e+03 -4.64435e-03 +2.27767e-02 -2.00689e-01
+7.15291e+03 +1.22559e-02 +1.18648e-02 -1.49107e-01
+7.15303e+03 -3.01107e-02 +3.94591e-02 -2.56115e-01
+7.15316e+03 -1.09801e-02 -1.73084e-03 -1.70189e-01
+7.15329e+03 +4.10668e-03 +7.00899e-02 -1.47927e-01
+7.15342e+03 +6.30003e-03 +2.61483e-03 -2.15753e-01
+7.15355e+03 +1.73573e-02 -1.60458e-02 -9.57274e-02
+7.15368e+03 +3.97163e-02 -3.55163e-03 -4.22657e-02
+7.15381e+03 +2.74527e-02 +1.18370e-02 -1.47326e-01
+7.15394e+03 +2.07957e-02 -2.33015e-02 -1.90021e-01
+7.15407e+03 +3.44107e-02 +6.85327e-02 -1.44947e-01
+7.15420e+03 +3.52038e-02 +6.38349e-02 -1.00325e-01
+7.15433e+03 +3.48380e-02 +3.62990e-02 -2.63849e-01
+7.15446e+03 +3.26729e-02 +1.44321e-02 -2.67799e-02
+7.15459e+03 +2.36881e-02 +1.43616e-01 -5.17347e-02
+7.15472e+03 +3.56117e-02 -1.36658e-01 -1.57962e-01
+7.15485e+03 +3.16653e-02 +9.05551e-04 -8.35514e-02
+7.15498e+03 +3.04156e-02 +2.33552e-03 -1.91817e-01
+7.15511e+03 +3.62338e-02 -5.64893e-02 -2.64416e-01
+7.15524e+03 +1.05336e-02 -7.09373e-02 -9.22482e-02
+7.15537e+03 +3.86549e-02 -4.39042e-02 -1.75974e-01
+7.15550e+03 +2.59967e-02 -1.24170e-01 -1.16071e-02
+7.15562e+03 +3.60035e-02 -1.03985e-01 -2.70677e-02
+7.15575e+03 +3.03686e-02 -8.83189e-02 -2.35948e-02
+7.15588e+03 +5.19431e-02 -1.99263e-02 -8.82030e-02
+7.15601e+03 +3.35915e-02 -3.23513e-03 -5.19131e-02
+7.15614e+03 -2.92139e-02 -1.39251e-02 -6.82212e-02
+7.15627e+03 +3.04400e-02 -2.40626e-02 -8.72319e-02
+7.15640e+03 -1.10364e-01 +2.47331e-02 +5.14146e-02
+7.15653e+03 +1.68418e-02 +3.78067e-02 -8.10444e-02
+7.15666e+03 +1.53534e-02 +3.79010e-02 -1.47795e-01
+7.15679e+03 +3.01037e-02 +4.76790e-02 -1.38798e-01
+7.15692e+03 -6.59068e-03 +2.57972e-02 -1.31617e-01
+7.15705e+03 +5.16531e-03 +5.23631e-02 -2.87898e-02
+7.15718e+03 +6.02150e-02 +3.34686e-02 -2.23989e-01
+7.15731e+03 -1.29413e-02 +3.86457e-02 -8.05909e-02
+7.15744e+03 -2.82475e-02 +3.39733e-02 -6.19449e-02
+7.15757e+03 +3.58990e-02 +5.49823e-02 +5.86340e-03
+7.15770e+03 +1.23030e-01 +2.53525e-02 -2.09287e-02
+7.15783e+03 -1.53522e-02 -3.66475e-02 -8.28365e-02
+7.15796e+03 +3.95493e-02 -8.12032e-02 +6.16536e-02
+7.15809e+03 +9.33302e-02 -1.79215e-01 -1.24020e-02
+7.15822e+03 +2.06466e-02 -9.96947e-02 -3.65277e-02
+7.15834e+03 -9.77537e-02 +1.03680e-02 -2.01407e-02
+7.15847e+03 -6.49112e-02 -5.27837e-02 +9.05493e-02
+7.15860e+03 +5.03819e-02 -3.23115e-02 -3.32306e-03
+7.15873e+03 +2.48460e-02 -2.22156e-02 -1.30577e-02
+7.15886e+03 -1.37777e-02 +4.90681e-02 -4.39325e-04
+7.15899e+03 -7.13466e-02 +2.87491e-02 -1.62815e-02
+7.15912e+03 -6.68964e-02 +3.05836e-02 -6.44971e-02
+7.15925e+03 +1.89212e-03 +1.27488e-03 -1.42050e-01
+7.15938e+03 -6.78847e-02 -3.03065e-02 -9.02340e-02
+7.15951e+03 -8.16622e-02 -2.09835e-02 +1.97003e-02
+7.15964e+03 -1.22272e-01 -4.60735e-02 -9.52201e-02
+7.15977e+03 -3.80167e-02 -3.22533e-02 -2.17844e-02
+7.15990e+03 +2.64439e-03 -1.72706e-02 -4.13515e-02
+7.16003e+03 +6.75885e-02 -1.06134e-01 +3.00220e-02
+7.16016e+03 +6.81656e-02 -1.44295e-01 +2.22589e-02
+7.16029e+03 -1.48672e-01 -3.15651e-02 -6.95634e-02
+7.16042e+03 -1.19428e-01 -1.94651e-02 -2.58715e-02
+7.16055e+03 -3.00616e-02 -7.01664e-02 -3.74004e-03
+7.16068e+03 +3.03001e-03 -4.22648e-02 -7.92822e-03
+7.16081e+03 -1.01847e-01 -7.99774e-02 +2.00073e-02
+7.16093e+03 -7.51672e-02 -1.69801e-01 -1.42673e-02
+7.16106e+03 +2.67798e-02 -1.97956e-01 +2.23241e-02
+7.16119e+03 -7.27102e-04 -2.19341e-01 -6.17357e-02
+7.16132e+03 -2.09534e-04 -2.19115e-01 +4.04415e-02
+7.16145e+03 +3.02402e-02 -1.52518e-01 -5.57635e-02
+7.16158e+03 +1.17211e-01 +4.41136e-02 +8.39742e-03
+7.16171e+03 +3.33810e-02 +2.80074e-02 -5.59023e-02
+7.16184e+03 -1.07461e-02 +5.70460e-02 +7.98845e-02
+7.16197e+03 -1.31165e-01 +6.76601e-02 -1.27093e-02
+7.16210e+03 -3.10005e-02 +2.64088e-02 -5.46402e-02
+7.16223e+03 +7.80798e-02 +5.19246e-02 -7.47039e-02
+7.16236e+03 +3.55627e-02 -2.73431e-02 -1.00341e-01
+7.16249e+03 -1.03811e-01 +6.77993e-03 -3.89096e-02
+7.16262e+03 -1.04709e-01 +2.06450e-02 +1.45141e-02
+7.16275e+03 -1.61398e-01 +1.01066e-02 -1.72857e-01
+7.16288e+03 -1.97206e-01 -9.71698e-03 -7.81581e-02
+7.16301e+03 -1.16371e-01 -9.81948e-02 -1.04139e-01
+7.16314e+03 -4.80396e-02 -2.76845e-02 -1.98462e-01
+7.16327e+03 -1.39806e-01 -5.35991e-02 -1.62776e-01
+7.16340e+03 +6.79693e-02 +9.27017e-02 +5.79420e-02
+7.16352e+03 +8.70189e-02 +2.98722e-02 -3.73897e-02
+7.16365e+03 -9.07112e-02 -2.21977e-02 -1.95980e-02
+7.16378e+03 -3.65762e-02 +2.96315e-03 -6.35598e-02
+7.16391e+03 +7.91216e-02 -1.79085e-02 -2.95502e-02
+7.16404e+03 -1.30060e-01 -1.98729e-02 -7.88531e-02
+7.16417e+03 -2.05978e-01 +5.10523e-02 +4.32232e-02
+7.16430e+03 -1.50561e-01 +4.06281e-02 -1.20485e-01
+7.16443e+03 -1.92315e-01 -3.39855e-02 +3.24109e-02
+7.16456e+03 -1.23024e-01 -1.42126e-01 -2.48721e-03
+7.16469e+03 +1.87028e-01 +1.26903e-01 -1.14546e-02
+7.16482e+03 +1.36816e-01 -8.84661e-02 -1.08792e-02
+7.16495e+03 +1.51390e-01 -2.09806e-01 +5.90942e-02
+7.16508e+03 -7.95506e-02 -2.20705e-01 -7.93568e-02
+7.16521e+03 +4.44511e-02 -6.55683e-02 +8.08591e-02
+7.16534e+03 -3.35368e-01 -2.10319e-02 +1.92874e-02
+7.16547e+03 -1.00000e+00 -8.57141e-02 -1.22076e-02
+7.16560e+03 -1.00000e+00 +2.79700e-02 -3.92235e-02
+7.16573e+03 -1.00000e+00 +1.96080e-02 -5.27204e-02
+7.16586e+03 -1.18569e-02 +5.78753e-02 +5.53092e-02
+7.16598e+03 -1.29455e-01 +9.06818e-02 -3.36618e-02
+7.16611e+03 -1.14910e-01 +6.85989e-02 -7.95438e-02
+7.16624e+03 -6.29457e-02 +5.47253e-02 -5.21086e-02
+7.16637e+03 -1.38545e-01 +1.03404e-01 -5.96243e-02
+7.16650e+03 -1.23100e-01 +7.73623e-02 +3.86430e-01
+7.16663e+03 -5.93388e-02 +2.39464e-02 -2.79821e-02
+7.16676e+03 -2.15392e-02 +1.06682e-01 -1.00000e+00
+7.16689e+03 +2.95488e-02 +1.19802e-01 -1.70266e-01
+7.16702e+03 +5.13489e-02 +2.35331e-01 -1.00000e+00
+7.16715e+03 +7.76042e-02 +4.53543e-02 -1.00000e+00
+7.16728e+03 -3.05219e-02 -6.85250e-02 -1.00000e+00
+7.16741e+03 -1.09147e-02 -6.95081e-02 -1.00000e+00
+7.16754e+03 -1.45502e-01 +2.50291e-01 -1.00000e+00
+7.16767e+03 +5.84623e-02 -1.37294e-01 -1.00000e+00
+7.16780e+03 +1.00018e-02 -1.66369e-02 -1.00000e+00
+7.16793e+03 -4.57087e-02 +3.15668e-02 -1.00000e+00
+7.16806e+03 -1.78403e-01 -5.11951e-02 -1.00000e+00
+7.16819e+03 +2.02606e-02 -1.68775e-01 -1.00000e+00
+7.16832e+03 -7.24223e-02 -7.17795e-02 -1.00000e+00
+7.16845e+03 -1.12951e-01 -2.65801e-02 -1.00000e+00
+7.16857e+03 -3.82516e-02 +3.47926e-02 -1.00000e+00
+7.16870e+03 -3.59156e-02 -5.98420e-02 -1.00000e+00
+7.16883e+03 -6.19575e-02 -1.46408e-01 -1.00000e+00
+7.16896e+03 -2.55940e-02 -2.58744e-02 -1.00000e+00
+7.16909e+03 +1.39251e-03 +1.14940e-01 -1.00000e+00
+7.16922e+03 -2.89943e-02 +8.12530e-02 -1.00000e+00
+7.16935e+03 +1.57744e-02 -4.52219e-02 -1.00000e+00
+7.16948e+03 +2.61253e-02 +1.90279e-01 -1.00000e+00
+7.16961e+03 +2.67033e-02 +1.95068e-01 -7.25577e-02
+7.16974e+03 +4.42934e-02 -1.28316e-01 -1.00000e+00
+7.16987e+03 +1.99044e-02 -2.70550e-01 -1.98633e-01
+7.17000e+03 +6.72304e-03 -3.23334e-01 -2.07295e-01
+7.17013e+03 +5.80020e-02 -1.12947e-01 -6.10768e-02
+7.17026e+03 +7.48926e-03 -1.14306e-02 -4.83595e-02
+7.17039e+03 +4.14034e-02 -3.23060e-01 -1.00000e+00
+7.17052e+03 +4.82727e-02 -6.45148e-02 -1.00000e+00
+7.17065e+03 +9.49021e-02 +6.29681e-02 -1.00000e+00
+7.17078e+03 +6.80772e-02 -1.00000e+00 -1.00000e+00
+7.17091e+03 +2.68371e-01 +5.21840e-01 -1.00000e+00
+7.17104e+03 +4.58107e-03 -1.00000e+00 -1.00000e+00
+7.17116e+03 +7.17677e-02 -2.58518e-01 -1.00000e+00
+7.17129e+03 +1.09054e-01 +1.29427e-01 -1.00000e+00
+7.17142e+03 -1.79715e-01 +1.29485e-01 -1.00000e+00
+7.17155e+03 +1.38204e-01 +8.29587e-02 -1.00000e+00
+7.17168e+03 +8.12559e-02 -4.74087e-01 -1.00000e+00
+7.17181e+03 -1.61673e-01 -8.96022e-02 -1.00000e+00
+7.17194e+03 -2.22869e-01 +1.05555e-02 -1.00000e+00
+7.17207e+03 +5.40916e-02 -1.00000e+00 +3.66119e-01
+7.17220e+03 -4.01732e-02 -1.00000e+00 -1.00000e+00
+7.17233e+03 -1.03906e-01 -1.00000e+00 +7.40383e-02
+7.17246e+03 -2.44529e-01 -1.00000e+00 -1.00000e+00
+7.17259e+03 -3.90289e-02 -1.00000e+00 -1.00000e+00
+7.17272e+03 -1.37190e-01 +4.41179e-02 -1.00000e+00
+7.17285e+03 -2.75236e-01 -3.00686e-01 -1.00000e+00
+7.17298e+03 -2.93932e-01 -4.74075e-04 -1.00000e+00
+7.17311e+03 -6.77040e-02 -2.15921e-01 -1.00000e+00
+7.17324e+03 -1.07969e-01 -1.00000e+00 -2.80758e-01
+7.17337e+03 -1.30062e-01 -1.00000e+00 -1.06403e-01
+7.17350e+03 -1.16874e-01 -1.00000e+00 -8.10583e-02
+7.17363e+03 +8.79170e-02 -5.16216e-02 -1.00000e+00
+7.17376e+03 +7.15836e-02 -2.55841e-01 -3.74574e-02
+7.17388e+03 -2.33898e-03 -6.07402e-02 -2.04456e-01
+7.17401e+03 -4.82948e-02 -5.64352e-02 +1.94356e-02
+7.17414e+03 -8.54924e-02 +2.02462e-03 -1.00000e+00
+7.17427e+03 -6.50302e-02 +1.57375e-01 -1.00000e+00
+7.17440e+03 -1.31422e-02 +1.22521e-01 -1.00000e+00
+7.17453e+03 +8.68221e-03 +2.13145e-01 -1.00000e+00
+7.17466e+03 +3.73791e-02 -2.78529e-01 -1.00000e+00
+7.17479e+03 -7.93496e-03 -1.09304e-01 -1.00000e+00
+7.17492e+03 +7.44707e-02 +2.27316e-01 -1.00000e+00
+7.17505e+03 -2.02262e-02 -1.00000e+00 -1.00000e+00
+7.17518e+03 +1.80360e-02 -1.00000e+00 -1.00000e+00
+7.17531e+03 +5.48995e-03 -1.00000e+00 -1.00000e+00
+7.17544e+03 +1.49792e-01 -1.00000e+00 +1.43918e-01
+7.17557e+03 +7.43867e-02 -1.00000e+00 +2.02180e-01
+7.17570e+03 +4.14155e-02 -1.00000e+00 +1.75537e-01
+7.17583e+03 +2.78807e-02 -1.00000e+00 -7.58930e-02
+7.17596e+03 -1.59490e-01 -1.00000e+00 -9.30638e-02
+7.17609e+03 +1.70212e-01 -1.00000e+00 -1.01384e-01
+7.17622e+03 -1.03362e-01 -1.00000e+00 +4.63197e-02
+7.17635e+03 +1.35067e-02 -1.00000e+00 -1.08817e-01
+7.17647e+03 -6.33411e-03 +4.09361e-01 -1.00000e+00
+7.17660e+03 -1.06701e-02 -1.00000e+00 +1.57307e-01
+7.17673e+03 -1.04047e-01 -1.00000e+00 -1.00000e+00
+7.17686e+03 +3.68311e-02 -1.00000e+00 -1.00000e+00
+7.17699e+03 +6.80716e-02 -1.00000e+00 -1.00000e+00
+7.17712e+03 -5.09213e-02 +3.17988e-01 -1.00000e+00
+7.17725e+03 -7.54922e-02 -1.00000e+00 -1.00000e+00
+7.17738e+03 +5.51419e-03 -1.89234e-02 -1.00000e+00
+7.17751e+03 -1.06717e-02 +5.90628e-01 -1.00000e+00
+7.17764e+03 -3.04316e-02 +4.13574e-01 -1.00000e+00
+7.17777e+03 +2.90069e-02 +1.97287e-01 -1.00000e+00
+7.17790e+03 -8.55822e-02 +3.56508e-01 -1.00000e+00
+7.17803e+03 -1.22657e-02 -3.62917e-01 -1.00000e+00
+7.17816e+03 -2.00278e-02 +7.57197e-01 -1.00000e+00
+7.17829e+03 -2.24652e-02 -2.05056e-01 -1.00000e+00
+7.17842e+03 -2.14564e-01 +8.43586e-02 -1.00000e+00
+7.17855e+03 +8.34543e-03 +1.58593e-01 -1.00000e+00
+7.17868e+03 -3.45043e-02 +1.77367e-02 -1.00000e+00
+7.17881e+03 +1.09541e-01 -1.00000e+00 -1.00000e+00
+7.17894e+03 +2.73063e-02 -5.04366e-02 -1.00000e+00
+7.17906e+03 +4.39495e-02 -3.75512e-01 -1.00000e+00
+7.17919e+03 -6.60935e-02 -2.44200e-01 -1.00000e+00
+7.17932e+03 -6.96244e-02 +2.32734e-01 -1.00000e+00
+7.17945e+03 -2.07734e-01 +3.84380e-01 -1.00000e+00
+7.17958e+03 +2.09486e-01 +1.36048e-01 -1.00000e+00
+7.17971e+03 -8.93365e-02 +5.46104e-02 -1.00000e+00
+7.17984e+03 -1.27632e-02 +2.74294e-01 -1.00000e+00
+7.17997e+03 -2.00279e-02 -2.45140e-02 -1.00000e+00
+7.18010e+03 +1.23074e-02 +4.83814e-01 -1.00000e+00
+7.18023e+03 +3.60236e-02 +3.53498e-01 -1.00000e+00
+7.18036e+03 +6.98937e-02 +3.46418e-01 -1.00000e+00
+7.18049e+03 +2.96213e-02 -7.37449e-02 -1.00000e+00
+7.18062e+03 +4.52559e-02 -1.00000e+00 -1.00000e+00
+7.18075e+03 -3.19723e-02 +2.59038e-01 -1.00000e+00
+7.18088e+03 -5.25098e-02 +6.24156e-01 -1.00000e+00
+7.18101e+03 +4.42550e-02 -1.00000e+00 -1.00000e+00
+7.18114e+03 -9.34945e-02 -1.00000e+00 -1.00000e+00
+7.18127e+03 +2.80356e-01 +3.32629e-02 -1.00000e+00
+7.18140e+03 +3.99677e-02 -1.00000e+00 -1.00000e+00
+7.18152e+03 +4.23432e-01 -1.00000e+00 -1.00000e+00
+7.18165e+03 -1.00000e+00 -1.00000e+00 -1.00000e+00
+7.18178e+03 +2.76363e-02 -1.00000e+00 -1.00000e+00
+7.18191e+03 -1.31948e-01 -1.00000e+00 -1.00000e+00
+7.18204e+03 +1.18427e-01 -1.00000e+00 -1.00000e+00
+7.18217e+03 +3.93476e-01 -1.00000e+00 -1.00000e+00
+7.18230e+03 -1.00000e+00 -1.00000e+00 -1.00000e+00
+7.18243e+03 -1.00000e+00 -1.00000e+00 -1.00000e+00
+7.18256e+03 -1.00000e+00 -1.00000e+00 -1.00000e+00
+7.18269e+03 -1.00000e+00 -1.00000e+00 -1.00000e+00
+7.18282e+03 -1.00000e+00 -1.00000e+00 -1.00000e+00
+7.18295e+03 +1.87096e-03 -1.00000e+00 -1.00000e+00
+7.18308e+03 -2.16619e-01 -1.00000e+00 -1.00000e+00
+7.18321e+03 -1.00000e+00 -1.00000e+00 -1.00000e+00
+7.18334e+03 +7.39916e-02 -4.04488e-01 -1.00000e+00
+7.18347e+03 -1.00000e+00 +5.37182e-01 -1.00000e+00
+7.18360e+03 -1.00000e+00 -2.25821e-01 -1.00000e+00
+7.18373e+03 -5.46841e-02 -5.78362e-02 -1.00000e+00
+7.18386e+03 +1.10297e-01 -1.58911e-02 -1.00000e+00
+7.18399e+03 -7.26252e-02 -1.07619e-01 -1.00000e+00
+7.18411e+03 -1.00000e+00 +1.08688e-01 -1.00000e+00
+7.18424e+03 -1.00000e+00 +1.62917e-02 -1.00000e+00
+7.18437e+03 -1.00000e+00 -1.00000e+00 -1.00000e+00
+7.18450e+03 -1.00000e+00 -1.00000e+00 -1.00000e+00
+7.18463e+03 -7.15517e-06 -1.00000e+00 -1.00000e+00
+7.18476e+03 -2.00105e-01 -1.00000e+00 -1.00000e+00
+7.18489e+03 -2.48971e-01 -1.00000e+00 -1.00000e+00
+7.18502e+03 -3.48363e-02 -1.00000e+00 -1.00000e+00
+7.18515e+03 -3.32942e-01 -1.00000e+00 -1.00000e+00
+7.18528e+03 -2.86360e-01 -1.00000e+00 -1.00000e+00
+7.18541e+03 -2.58943e-01 -3.78885e-01 -1.00000e+00
+7.18554e+03 -2.25167e-01 -1.00000e+00 -1.00000e+00
+7.18567e+03 -1.09447e-01 -1.00000e+00 -1.00000e+00
+7.18580e+03 -2.80624e-02 -4.88580e-02 -1.00000e+00
+7.18593e+03 -1.52565e-02 +1.03837e-02 -1.00000e+00
+7.18606e+03 -1.83919e-02 -1.00000e+00 -1.00000e+00
+7.18619e+03 +1.73361e-02 -8.10256e-02 -1.00000e+00
+7.18632e+03 -1.00000e+00 +3.02838e-01 -1.00000e+00
+7.18645e+03 -1.00000e+00 -1.00000e+00 -1.00000e+00
+7.18658e+03 -1.00000e+00 -3.83133e-03 -1.00000e+00
+7.18670e+03 -1.00000e+00 +5.41306e-01 -1.00000e+00
+7.18683e+03 -1.00000e+00 -7.29796e-02 -1.00000e+00
+7.18696e+03 -1.00000e+00 -1.00000e+00 -1.00000e+00
+7.18709e+03 -1.00000e+00 -1.00000e+00 -1.00000e+00
+7.18722e+03 -1.00000e+00 -1.00000e+00 -1.00000e+00
+7.18735e+03 -9.27298e-02 -1.00000e+00 -1.00000e+00
+7.18748e+03 -2.00875e-01 -1.00000e+00 -1.00000e+00
+7.18761e+03 -1.32688e-01 -1.00000e+00 -1.00000e+00
+7.18774e+03 -1.91643e-01 -1.00000e+00 -1.00000e+00
+7.18787e+03 -1.09146e-01 -1.00000e+00 -1.00000e+00
+7.18800e+03 -1.05423e-01 -1.00000e+00 -1.00000e+00
+7.18813e+03 -1.32836e-04 -1.00000e+00 -1.00000e+00
+7.18826e+03 -3.08526e-01 -1.00000e+00 -1.00000e+00
+7.18839e+03 +1.84089e-01 -1.00000e+00 -1.00000e+00
+7.18852e+03 -1.44582e-01 -1.00000e+00 -1.00000e+00
+7.18865e+03 -1.00000e+00 -1.00000e+00 -1.00000e+00
+7.18878e+03 -1.00000e+00 -1.00000e+00 -1.00000e+00
+7.18891e+03 -1.00000e+00 -1.00000e+00 -1.00000e+00
+7.18904e+03 -1.00000e+00 -1.00000e+00 -1.00000e+00
+7.18917e+03 -1.00000e+00 -1.00000e+00 -1.00000e+00
+7.18930e+03 -1.00000e+00 -1.00000e+00 -1.00000e+00
+7.18942e+03 +1.12478e-01 -1.00000e+00 -1.00000e+00
+7.18955e+03 -1.00000e+00 -1.00000e+00 -1.00000e+00
+7.18968e+03 -1.00000e+00 -1.00000e+00 -1.00000e+00
+7.18981e+03 -1.00000e+00 -1.00000e+00 -1.00000e+00
+7.18994e+03 -1.00000e+00 -1.00000e+00 -1.00000e+00
+7.19007e+03 -1.00000e+00 -1.00000e+00 -1.00000e+00
+7.19020e+03 -1.00000e+00 -1.00000e+00 -1.00000e+00
+7.19033e+03 -1.00000e+00 -1.00000e+00 -1.00000e+00
+7.19046e+03 -1.00000e+00 -1.00000e+00 -1.00000e+00
+7.19059e+03 -1.00000e+00 -1.00000e+00 -1.00000e+00
+7.19072e+03 -1.00000e+00 -1.00000e+00 -1.00000e+00
+7.19085e+03 -1.00000e+00 -1.00000e+00 -1.00000e+00
+7.19098e+03 -1.00000e+00 -1.00000e+00 -1.00000e+00
